27103.19826822351
26195.573388249584
26324.716778563106
26496.93274065816
23354.36527886557
22090.20203643462
20469.950824606873
20299.195081357815
19027.195893642685
18836.92563926838
19460.771671305007
18466.049891427436
18689.04826809439
20676.25610055921
18249.71610817789
18341.08631337778
19583.93361770857
20039.95507952773
17018.955688550097
17253.11948164758
18082.718836750413
16373.61154360525
15844.928810500263
16914.469467482235
15758.254259395255
16349.202723812132
15298.075798866994
16249.137822612029
14481.125167137303
14351.567816134877
14330.80030188678
14769.275102903113
15632.28774916555
13720.865969501088
14330.259242570217
14369.282165812878
13079.920278594622
13614.023712139966
14251.036578090769
13025.2783775554
12642.095924340565
13333.520317453644
13189.177577360926
12208.308011333651
11830.027841398909
12079.510244677424
11902.859334255087
10118.583651721743
9421.674304289056
9731.748399353706
8466.686775440243
7652.884671806497
8551.093802412295
7382.960221160446
8067.699306162278
7882.343375374452
7847.522548541774
7411.088603368423
6592.820689441473
7031.078216181727
7431.3326466764
6451.318787530679
6876.835463334036
6195.984273677853
6334.440975978202
5464.0626587336355
5671.617151626892
4892.685398196969
4866.911280762479
5266.8735376605755
4929.125111277911
5340.7561228542145
5865.071881239837
4128.857279493199
3751.2061178381064
3750.6519370926535
3444.7219491534124
3322.2742913952998
3079.8347457871614
2994.8380728966686
3307.0042802375606
2621.3865239490583
2498.895555077438
2472.8595319631872
2315.430043051311
2324.8482491723225
2480.8120678142923
2169.821715682152
2025.3283208378377
1920.9852406490932
2131.412726781065
1760.3563065397732
1497.3961348830185
1641.4169486438736
1452.8116917876032
1647.748135903591
1486.6834898637226
1450.1495870032195
1290.2508809798553
1292.9011022207105
1448.9700923240098
1192.1924567144254
1018.0596768050939
968.321577101496
924.3696541489584
840.974415096777
983.1012873118374
931.7370933728163
824.5329510592601
827.3023607637955
857.1669715610676
882.7620318408458
832.4961688832332
969.900845042261
838.4935515636546
786.357512176162
813.079909854595
660.6993107870992
682.2378895598399
750.8188281457594
507.09762497003493
490.8260068164727
524.6001367757668
389.2915566445955
394.3380572775219
454.3360338532937
421.92102690264676
416.47579987226817
494.83521278886417
430.37033971200634
370.85666177856103
317.58315847500035
277.6800783453392
224.5868474335636
230.5264550945902
210.38332982279275
222.76694920206808
228.85431661108632
196.93098733554197
223.0093531753834
210.84540734709546
209.4808847497507
211.20004215055076
210.1371512475515
192.8610757296671
231.83430484264937
173.59752334194093
168.66855033350197
168.76632230555234
170.4868873970385
168.19393743055696
185.17298437121985
170.84087912665206
168.15898601058228
165.06605976245717
166.79937457243216
165.2468628929147
156.55537930158246
165.07716639998154
160.79236126712414
154.28047524192465
170.38245655923362
161.93446689893935
159.07180291395065
150.46926332243797
147.18379814319738
149.03634679429175
145.16130090348818
145.36690939416198
150.72424553499843
141.73802105355216
150.7959108659288
145.94542436066473
143.45969045557524
144.72264656483893
146.74467699971044
141.59949958664518
142.5729382274364
138.71599617628263
146.1185490742044
146.64591771188782
137.723933792612
144.79777243593583
132.61490894477294
113.6623522241976
115.70389093454831
130.47902357428194
101.9788631782683
96.54172283348814
112.31558169844695
102.74148250129633
93.19899522348712
83.7872624249267
85.14880395047716
61.89276119267843
74.72463173553423
82.35434223617897
71.00325706415501
59.30191543816207
61.90289548427951
74.22253872788771
58.28352679105568
73.83148984651461
51.45374479480862
71.3739270853271
39.94366432677206
63.55174689202455
51.86926600244387
37.0101127527744
42.90778263733056
38.40780550000606
38.56580510100009
49.86517204729455
43.230304011503236
38.62164056247815
43.46743247577192
51.656741893467206
39.73081989821061
41.23422267662898
37.80093410276842
42.2535737996822
62.129289199986296
50.09718253874877
42.58236378481424
51.64778961271945
44.18545643608171
33.3179216235425
21.011897889083592
24.69962354784731
12.385873311340939
8.549868519552863
15.331737780634384
5.604934387883947
4.926240487775026
3.5981029834354623
5.518242017406896
7.570278806762874
3.26834552613324
5.035260251146763
6.041655938940654
6.741662819087541
3.1321780005290316
3.5965095809369854
4.2993347375073565
5.6157355571172936
3.507943237443599
3.243167774717169
5.701528108647086
4.475324096510014
5.163090897435712
5.97383702600413
7.3988415222465695
4.279464384069064
6.632852696313121
7.824368180244688
7.46232180062891
4.993727628993149
3.7230749466938566
9.397927689013054
5.801682510104162
4.88285886612146
3.1695387025104944
14.229920207285733
5.085151475254422
4.001442712175752
5.56951660159172
5.103152939302401
4.958872466441644
3.2419853415445523
3.9406738808636605
3.1786646139571753
3.493264612615662
7.09475727339101
4.967912564856165
7.54280908106263
3.4662334789373075
5.649335614275781
3.9197499340623434
3.067040637045005
4.564760105982828
9.20412452398914
7.924821678228497
4.087646746758276
5.524887652901617
3.9706546490796213
3.1320215386083814
5.083117214643102
5.080714962030693
3.5682289231577817
3.9372895881640124
3.0462647708374
2.9959848132760496
4.566547609649815
5.154788211781104
7.565582166481016
3.67628290062643
5.548292579575392
6.2861563782236995
3.141651937768346
9.70916667320467
6.070829377088473
5.437481215819394
3.5418821394387265
6.8891836812860765
3.0996873246723013
3.4755218703644633
4.471680475465973
5.792395625228937
4.833374615017201
12.413297246415503
7.919854869949244
4.897265924516391
3.491125826110366
3.9472278276544315
3.1832525587717595
5.715687878604152
9.702463727953143
3.0013283544619154
6.450875465272979
5.513056179210388
3.44712393200908
3.319219086065251
6.089275020946502
5.348575589136932
5.502528344135238
6.380889763277721
4.826987030120559
3.151989397267358
3.115597666542045
6.7205238425384275
3.9907791270420216
6.281683933404631
4.404299334708305
4.978630786427451
4.148013368235464
7.45352348805374
5.6310297167682375
5.338444614561446
6.4403183417211185
5.654999982051911
7.817950862042197
3.990278766794172
3.615520623300993
6.053727347535716
3.722097527106251
3.16613786562466
5.946036163963232
7.963565490128657
4.2360001793176405
3.7024417189495553
3.070096630347754
5.430661944114103
3.1531278212293086
5.123522811782963
3.538310117942413
6.895780644872872
4.554965214195427
6.583402931794886
3.897551419445328
3.9860209851784307
10.650970647310306
3.6497518151729866
5.144464787909415
5.4561388482288935
6.219562094323615
4.762592367493697
7.7118350150305535
4.776107235295338
3.769549985843587
4.013051249588762
6.4345751345552955
3.262060907353841
3.084980886304865
5.175085552719004
3.8758804324690566
3.413521109882439
9.954780788138315
6.990208234305965
5.858589709628411
5.6875401763051086
3.1170579005998764
11.30286296590648
3.42327680074231
12.145343364685813
8.87814025751892
4.523177523396976
4.7155898025479255
3.402151769787803
3.5925675743675667
10.47758534756876
7.172428512472583
3.495893262730194
3.1759163333047127
3.7354725298884084
6.677798163795474
7.630231332299834
8.686298350590732
4.7294644427979335
9.265569408934791
4.458709689694489
3.364517546334158
6.822598174269649
6.469400864321167
6.193592191689705
3.4830017075616237
7.007510880584746
3.433750124787339
4.936218755446117
5.149152674307638
3.5175945074872974
5.539619329761106
3.1629901989730307
6.345299218321557
4.841087416418427
7.098456828039687
11.410732960443875
4.338516675840488
3.07292135309246
4.571951493899136
5.148026071111533
7.9951409633051504
5.547512766057977
3.680021898043271
5.349287637124743
3.255219837291368
6.722273734581202
3.260789833124567
6.297731789542693
5.877294990561021
4.290278573664817
5.083485185530776
3.0748021068496656
4.496043567755722
3.4063972086593033
3.4228640936029935
8.223204983649559
4.964819982530848
8.4566055150935
5.231006739341926
3.073798156700936
8.596516664011686
6.892914855117539
13.383681903632533
8.067335030756636
3.080554434256527
4.7515199663593695
6.065315476677492
4.618423878598603
6.252007348242478
16.35024134125236
3.9244654968731316
9.279392588202493
3.117193834967415
4.421218601738474
5.475135617609492
6.830499488673343
6.102310391169063
8.570191686403858
5.988314701531973
10.373531640653741
3.0477272644617006
3.0629989269971762
3.482062619386436
7.3074249566970755
3.0030279383355682
6.495071960987184
15.9153272315892
11.242305637817424
7.73347303327344
3.5603092767916173
4.427166133525805
3.5366393762079804
5.465861822286776
3.656410787809201
7.2608012333614935
3.2157141170549886
6.544062178681903
4.532432855250944
4.764608246822281
4.529868318076545
5.989499133425443
10.891764469167189
4.134412010554872
6.677673988602708
4.44265650597934
7.03166036997021
12.185692400453089
5.829719573582503
4.270734693914542
3.748746166649126
3.502660077489775
3.69452983069985
4.227509991587473
3.5973475526740604
3.469271350442204
4.221233943010754
5.749617530956169
3.2368398614525984
4.227506428519617
5.15088870958084
4.069986581971813
8.335446276310122
4.026627652688821
5.107021739260542
8.297822447077518
10.436673685334247
4.293809012289212
3.957079102995748
5.454097840130984
4.1837700642711235
4.311752228973773
3.499959982254326
3.431174108346103
7.5930320779302445
3.5856653510760377
6.484593080401551
3.098066576913477
3.0494995402011025
4.485022315462717
3.182351603787989
3.030034997700869
4.372122711232945
7.737139598784478
9.784842696285441
3.515321519790717
5.471039497586448
3.204391912056299
8.848883729240722
5.115395128873088
7.972910550797845
3.1901259916387907
4.036433403698903
5.3731122041601544
6.637275256829434
9.418609006594135
4.682227040355282
3.121196956307889
6.46661949164023
14.63046717588675
3.8149590039598182
8.06573128081767
5.435146020684818
7.876808403555749
3.0482567983795263
4.596666583011316
3.5324817390621783
5.202028875974608
7.415374983048719
3.6862242263255203
10.96578030929961
3.151612848843978
10.410352468583593
12.822748882613922
4.93947756450747
6.66915190599512
5.2909361729377355
5.560538014034936
3.481020065523789
3.465611180363048
3.8676375678341763
3.822958315131739
9.878740450210314
3.708692976329516
5.592173935233109
3.045420673178372
6.42850357933201
3.7173624264922145
10.814516593983832
3.2775509503343336
6.671597077321318
4.144996269437989
3.1696586360001633
4.134929081177553
3.4540146404170273
7.117199046241632
4.933225459117007
6.050119595760306
7.10995577440435
6.015735878365257
4.800904060162216
9.48678271582564
5.448238106204564
4.926638607891425
7.183694250737291
7.873472144801394
11.597336632566357
3.6295401781472565
6.553814317489637
3.018249042439411
3.0237965899955723
6.899310020553818
3.2848319894383735
3.723785101170142
3.9057097563380454
3.0275291527726496
5.639097278800471
3.9144364152665507
5.166562717760247
3.3846545705136117
10.888573488997313
3.393109662745821
4.183597593382005
3.8638010492116672
4.9124350877987
4.8612731220664624
6.131703013330659
3.7377989471100936
8.105066503007677
8.169910701724051
4.768506940810126
3.0039141330108032
7.265507497546059
4.9012991775942005
5.933345276388339
3.202274176429227
3.435192776833535
3.597452625654485
5.0050763975626715
8.97486114689296
9.47800097300966
3.17022850955046
8.388099994734418
3.3046562802359105
3.537236263677749
4.398074458834154
4.326152270692006
5.188963412231903
3.5340171165490903
3.1896417020405172
5.72558758076601
3.038225190945549
3.6477445621039886
7.52915134453325
3.173426728100295
8.645307643177194
5.5989028502145
5.043465188109969
7.003778913191951
6.130080806296697
4.829466566870975
3.9950286577246947
5.239337416990031
4.043669813362612
5.138037364766991
4.026240092097767
4.262817069221832
6.202504951318188
3.481592625842807
3.4836626237865937
3.070202683239636
3.9134944431625436
3.50347128855077
5.665358731435965
5.038058440113015
4.458810147302976
3.482532313343121
7.61591839732087
3.088379425115618
5.160257668644405
3.958603506083159
10.013985947805054
10.947259442622311
7.928547089174743
3.5240361807116134
4.390728205852112
3.2261169827710727
7.748866241507661
4.463419814620097
7.187732242240505
6.44058904694873
5.0051968235455675
6.497568048865425
3.1458865501446915
4.4243631553171845
10.718771781121777
3.928039492098538
10.148847913831343
3.9699709685743594
3.8466479628263643
3.544287110338159
3.8140342824671363
5.931283843888789
7.076119654784035
8.575348891393325
4.219170697899666
3.5855289135967983
3.052638599337103
3.309836404776924
3.0145677107963214
4.861941355130595
5.735345274219635
4.484651950992445
6.312692602018952
3.602473289425207
6.384758605161775
8.258114910446848
7.0827525479158115
3.8231002394025175
3.646760579672839
3.2558235332984102
4.333082207163663
5.411927713320269
7.287397271713506
8.807175070463575
3.36138455594796
6.663976737832929
12.703639831817174
6.826160169737845
5.0692655758906175
4.8665272335686325
3.8149995957950007
20.30900644942167
3.6499907536622764
3.6222365927137194
3.139618927433394
3.729225372718804
3.067495841717336
4.435896150683479
4.543284683608334
18.243627257595318
3.1355024248469356
3.695533926715788
10.76115447352989
6.285484120798476
3.57691925977673
7.426347811854117
4.42408212003958
6.288696519278071
3.1051191675375485
13.410971812654177
3.7810192889156276
4.153777504207176
13.032920851390342
5.783928437579799
5.338135021230677
3.792828671744987
16.492159542451656
18.894299434944394
3.9777940731728894
10.026879132201024
6.367329983133936
6.522214412173965
10.878535288911676
4.572408009345721
9.500405488163324
6.454032962798665
3.232156430835837
6.797091256991067
3.5023559773027815
3.844199743997376
4.993104089036677
3.752017029913622
3.0903060807878777
3.715563384827249
12.031949726152492
2.997281350336891
3.822430900390155
5.232547760270252
7.0420227062567555
4.548139214984996
5.348579637563103
7.119149175680354
5.108934189036077
5.425637234919758
3.464271733156772
4.843576308820727
3.8918012099155836
6.0027473635060264
4.679291052771623
3.0945093159741033
3.3283290319227157
12.919205629769895
4.05061911194694
3.315697450382222
3.0165096855918008
3.911719507975049
6.403572205121465
5.698769812958245
3.1659848335947425
4.487474161165214
6.827173323310728
9.416623364475182
3.007147234890663
4.836674714885376
4.303428150543544
5.819983787332653
3.3481521306755258
5.482224383562718
4.782374756550992
8.274128978800734
3.7868170935183274
8.046425262039605
6.434503407584441
3.3365782370095913
5.071943472161925
6.491003567268484
7.180600371467659
6.274133614101719
5.569669022234606
8.840108353167604
3.5906815864422246
3.1393380556731456
8.533445989248005
3.2457123074684464
4.306668646448105
4.2193352327174765
3.143216764637246
4.942498115280317
15.524137522520139
5.278825054992097
5.0110376018495675
5.436933256593202
9.035558461510266
4.2831389443896
7.574743174174732
3.807285081323571
3.1706403774361624
8.541964213124821
8.782423621233928
7.779418415052083
3.8793579178542297
6.8402772160322725
3.042974557340994
3.562342276345591
3.6727053390920545
5.30002238008653
5.296383296592291
3.1398694789212778
3.7293066695326056
4.368037295280376
3.433415871023833
4.17820226036991
3.7305914449248014
5.035599614754235
3.5488355790317145
3.424980050303982
6.464062950689362
5.452055835330665
4.088841770067327
9.782775092094614
12.79995880486116
3.620806615710884
3.095072525872822
4.203391906800807
4.6460047138506155
6.389150490943731
7.770973328592513
4.455015154127865
5.392597682718302
4.774530120670854
5.094101231539702
8.248421607663913
9.980214398158743
6.9019636765472585
3.2282676905055387
4.1545247425297465
5.377066462029164
5.262623818114275
3.9341114256895406
8.753521410099406
4.436286965194112
8.976518074299761
5.485690073592732
3.6109280244199295
3.54535942672383
5.025402673370768
3.2439838748132668
4.416960713582777
9.362496854445492
3.690598656894132
3.7209471101372498
5.991136192317396
6.096459321994819
7.956518359321429
5.856942209563751
5.807835411139503
4.021826833285664
9.704195954612764
7.44067251125604
7.965631731653733
7.9131841611289175
4.536279469460846
3.8576008760769644
4.922064404148709
5.321881760659638
4.793045233197413
6.494558369248493
3.908099733791767
8.869988028993774
4.984427524461195
4.554209454924664
3.9689821768020828
4.356839103136492
3.658674001253627
6.610609566232455
10.52439503977222
3.406072319219178
3.514202625560514
5.889758070340596
7.39393029242169
9.435609814285165
6.217469819905871
5.074886639522641
3.7830735412525636
4.093865985362296
7.829039344686185
3.461761189785101
4.664280500957096
27.23088516297302
8.115421975062405
5.989632969915761
7.5233752102959155
3.680166524577375
5.646464013171279
4.738085492773042
4.294989244543874
4.567972974933896
4.053718379491333
8.7892699517501
4.2872300116708155
4.107223512082842
5.640010090172548
5.690077618223943
4.2626869977337005
3.8078759817096293
5.129486868937173
8.71084570431321
12.767607101196258
6.130979858056268
4.915656566327952
3.0671249110301995
7.193509310058157
7.281064833891776
5.392644264962761
12.734703869294652
4.381518082836713
3.519780321881946
9.680402956364862
10.519515265797587
4.89952544838189
4.184648858712229
7.113322954638952
4.392173016048145
13.312687709284104
4.838248847115048
4.028342561489901
9.157952228677592
11.876884994875654
3.9611839822451236
9.218898430194614
3.9901624367186312
8.630618341826391
3.567766643664418
5.859700387246062
4.312456094894518
3.9501783206759997
3.8155584656611223
12.504263855916033
8.067079812646195
5.177304999438336
3.4226852182692156
4.312516970660918
3.0811985525553287
5.775314105893116
7.5395530678488685
5.382246443608185
4.852969451409267
9.17950496532173
4.420935687579477
3.571836320637618
3.3207470225371125
3.870782621177137
8.132168474189692
3.045657385700533
7.730117340174937
5.357559932586165
4.153433519621448
3.182968831858664
5.783557803383072
4.737564818968143
5.1195126670233275
3.2728892832604757
6.336247493730967
6.8673097977375654
7.277239313462966
3.4589094688322644
5.292294760326528
6.036887740526066
4.7114614562284824
5.28462786531767
4.387086992522672
3.4161170497689426
8.999610843922605
4.465675155187928
5.915747911432779
4.6465766151719645
3.2058901770851556
4.8657314020411775
3.0837558078538896
5.332856310661333
3.326861273865388
