31942.228027780853
32152.29856474799
31724.03486862134
31550.102967947976
31749.421168343775
31400.894673288913
30897.59889047047
30984.866699909802
30944.240932696386
31430.45733800899
30777.687281527647
30447.84616920233
30612.642632729814
30435.264346165673
30602.827296013165
30568.348446268625
30084.46946525658
29546.964849983426
29174.292035101953
28987.30969669573
29292.331716439898
28893.393209258604
28851.543663808407
29230.69529662509
29256.25025257458
28585.19460242671
28503.00254372831
28355.855258871605
28849.268654142732
28351.965821484686
27997.12061653351
28334.06592403397
27986.984303258
27667.292345288883
27551.345855554155
27116.151271090406
26804.322810276375
26807.850343768347
26660.02070536594
26626.274295318006
26638.9869202343
26526.331266097375
26159.834356053514
25906.117109796956
25972.760402502867
25912.380293174552
26123.843336247934
26224.470834404237
25736.62678048853
25518.62138905381
25535.515282479028
25489.47241074477
25741.5772904771
25682.040787806254
25556.273798706323
25368.86925556392
25413.517758395727
25785.481437047893
25362.996117331226
25387.848705220655
25663.424525051978
25315.737986549037
25330.197622628046
25349.605857931507
25075.441653174446
25404.07350938868
24867.695370095018
25405.265545869865
24623.95320361553
24609.742799947606
24521.306775399004
25026.0822276777
24168.403535633406
24445.486505979687
24292.990418034366
24317.26332371241
23990.400548736612
24081.943979072577
23838.752005740436
23987.40898567109
23592.189061110475
23713.555235757205
23498.51091963607
23297.396357238205
23462.49590794621
23034.12668669092
22884.972456786847
22809.811066965547
22617.166738959582
22590.71943257797
22572.94345366291
22304.590171937132
21797.763364769984
21649.506297658565
21431.31631643268
21154.981470015533
21786.48411138011
21463.788173555633
21396.943124406644
21210.886470153928
21029.048443789434
20951.388117032824
21002.291062676228
21093.805010842225
20820.251864262093
20847.342734316127
20861.615631047564
20622.651105605066
20617.462087937078
20583.79782980957
20835.565088426392
20804.223459042187
20746.90042126663
20646.573723133104
20288.19175751895
20367.700135984884
20652.855794619903
20120.38775787693
20345.966131968114
20136.649182464305
19954.5057063366
19642.705610035293
19602.222421416227
19857.414334289624
19393.827040656317
19511.315241414348
19292.02824814797
18985.236103601073
18932.74869289076
19038.869707826678
19090.49009170246
19462.24262140908
18716.08207670561
18712.59797553476
18863.255343688485
18587.793410784696
18508.922533315796
18453.470471623725
18258.442369608652
18546.763018123427
18536.42060828802
18301.243101752105
18227.345929848838
18352.451596318882
18424.581022600156
18083.173786899064
18319.80813952156
18372.032074849198
17966.173137818092
17944.255766511673
17973.9921678255
17779.099642604033
18081.53344004706
17691.665932249583
17622.692848298288
17364.758372091972
17350.933376291396
17626.981255466453
17597.30972257911
17334.026738220666
17250.30571158682
16901.422278295642
16998.96994133885
17113.800151838797
16796.811096410314
16518.586780572925
16536.69537262328
16551.973522837565
16627.94078641609
16519.0052690351
16514.78274075527
16500.68621512974
16567.369166706427
16436.047391704706
16266.771221635636
16243.387336054719
16433.455129687936
16272.2544968901
16031.779817592189
16109.4716944891
15830.114561271977
15877.92232879331
15649.928788478617
15557.13921777465
15584.697315209094
15335.76680680229
15376.409288172832
15555.793528828566
15615.68816704092
15084.478273586028
14938.351011346114
15320.155131519216
15050.875339511305
15108.397111972885
14967.660071485067
14738.106610745754
14508.012846151214
14526.506519738688
14592.619505663968
14420.406076786247
14281.322449005791
14233.324805733206
14160.709928158833
14394.211665062041
14277.70615247604
14501.567936361243
14000.423780893461
14155.663763166085
13767.899327238541
13819.48027816201
14004.474555726902
13756.778651477434
13841.562183303653
13843.871300317962
13745.539424314327
13687.484304778809
13636.579012333186
13408.22256036539
13334.194444311861
13378.189569939212
13582.497660057015
13683.298301533427
13347.68915099643
13589.296633755399
13553.728771598278
13149.198324785893
13192.623687861265
13077.14027646387
13087.95882348995
13210.21123299348
13122.952176127394
12939.86780472628
12731.866003477327
12887.681355204724
12685.827437054577
12905.676046585068
12676.176595826586
12783.193117546072
12526.384812134791
12651.253153198784
12652.199833847586
12596.5059372963
12523.004238611695
12786.056646709461
12515.480906311715
12398.47575689784
12352.736249608792
11876.659662568085
12080.989098639655
12097.528368336345
11947.072723680045
11648.069260271313
11755.09559992126
11391.088700405813
11242.792710677531
11176.628838679913
11200.76882752959
11174.737280400197
11094.774339651825
11036.185585814725
11174.604788483814
11136.976464953457
10942.312861038
10850.5557759042
10790.828978310912
10878.637985614256
10796.437513612158
10721.855336334504
10678.7224650282
10732.964300069323
10808.682550362953
10665.566531704982
10917.09721880332
10595.142457635946
10845.982511696102
10557.700418855837
10677.377228886604
10470.873887907626
10496.40683223678
10597.912035505036
10672.836229468929
10423.361103177054
10368.763582257687
10480.195516761203
10288.812228755261
10061.138256488906
9987.366255453278
10241.347549717415
10049.170597297867
9830.366653338768
9772.708482649594
9889.266943638195
9689.89451026062
9616.260603795974
9480.968708600714
9253.598672940881
9246.099840364062
9261.438104251907
9263.012512023342
9159.002116077916
9127.093676056742
9254.007564848354
9148.022450880595
9039.341304575446
9011.981293977322
8942.993052526748
8910.660557787474
8895.928478346974
9173.232715063306
8955.079420466747
8955.6654718447
8881.535883909079
9072.024939870487
8974.042318111548
8917.001433608873
8865.387051963806
8767.904047831227
8767.389708322924
8811.54804974582
8811.175979697375
8992.78707269993
8872.544677180316
8827.876656571221
8958.098729931287
8822.324894135452
8553.301153724442
8604.524382064163
8348.057164321146
8377.316862943158
8379.378951488174
8359.683746001589
8283.016560166074
8419.21261408206
8285.34390916455
8544.514673309573
8390.550110671671
8222.097092002583
8299.033004374223
8403.436205642492
8027.170830848812
8002.479797426926
8246.72925649669
8030.957650173932
8046.051181256387
7902.37293628656
8110.55951955869
7787.405420480009
7942.76966019322
7703.024232775473
7767.640506192134
7549.6574704306
7661.04645301358
7448.866244574125
7492.2010694784485
7374.159303288471
7446.891447151976
7354.22825065626
7361.700361427131
7306.256629252701
7422.463480247908
7237.552028091085
7205.016441152178
7423.965785228014
7223.269315442925
7198.677427305523
7230.8370471623
7227.373819098801
7345.053387946756
7125.226207308874
7147.823807738616
6963.548999833845
6936.265972326079
7065.5513103825
6915.169902390711
7065.43371680195
7086.313528505116
6900.2101554936235
7040.592532885539
6837.435071513598
6860.6475530840835
6819.077709163119
6821.846005225627
6890.343105939094
6890.365898894588
6758.602063350918
6932.993542488421
6759.491175145724
6652.306323779159
6625.854943841855
6635.183173350161
6678.779732533543
6758.850043533252
6722.310052013649
6604.626881843264
6620.80016999773
6649.319379193409
6649.327097089859
6696.617314579687
6475.618999074337
6463.4372473068315
6382.997780417726
6438.338524995548
6311.864744028891
6341.966653077187
6446.482682605684
6303.745196385838
6384.551877635643
6234.583560550584
6155.38992326685
6055.739918172477
6085.610470885085
6071.8253484809475
6181.2402396831
6004.45391943227
6029.510672940491
6147.399143944739
6146.740702040579
6056.764973358687
5975.912675752232
6030.849806735541
6089.060309827615
5964.188106556028
6186.997674247262
5965.652856101925
6051.426096525065
6025.298853568797
5826.1925337551575
5834.6092215537155
5785.287385385302
5944.052818097717
5761.571311949715
5934.429211902314
5797.320591004137
5627.989080853952
5693.164762276641
5649.3812998540725
5466.126546005066
5421.659721627073
5405.68793299632
5419.338933896372
5388.649263658801
5357.328529193118
5360.447578560219
5447.112184688629
5372.026815138899
5374.848583099318
5331.65308657979
5290.638096260575
5298.786379943956
5260.770857853528
5272.504428136237
5338.536293708132
5117.947189502834
5224.737489454203
5071.203775349484
4995.8733056807005
4864.415898518294
4882.507870814695
4818.979336208943
4930.184566386355
4822.704517282786
4824.965685466015
4808.918032879529
4677.653140249514
4700.471035417322
4775.458075732193
4700.555226509255
4773.635085623624
4663.438565107314
4656.038705559749
4556.552464726239
4566.427568242005
4620.076777504859
4594.50716205194
4617.045579322184
4513.001783952357
4438.796642439394
4467.418393865531
4304.168314279559
4182.306567903505
4248.223015345993
4126.432608965715
4072.331954154318
4143.3961140716365
4105.567964166479
4039.6282283360397
4076.6861858016837
4105.892106210976
4066.8077997629025
3968.180793784237
4031.712511705983
3977.8348271819823
3993.164130256977
4017.8930523334693
3867.3959992561486
3876.8167502152746
3822.22785914973
3894.580083336403
3866.008661051418
3781.4141009989726
3829.136712325814
3667.019993330521
3706.507219854261
3692.7493453852276
3863.3772961181216
3572.442761095296
3502.751198578696
3568.6125751010677
3479.606523900252
3444.062874847854
3412.273746695376
3497.924111534456
3411.815022128959
3512.7199951806956
3488.727320083753
3386.293043941053
3387.814745619751
3403.305610926551
3320.7639304033
3323.51457096189
3344.4512371057635
3274.3200814432134
3264.404466272059
3270.3033365662823
3249.9264083590506
3231.351201545326
3261.054574094749
3270.5718041356563
3129.8995895507983
3123.5349763525946
3058.6098695205214
3063.6299461260814
3042.0303086148233
3033.9918862845725
2985.2962101272997
2975.0978576702087
2999.919574693846
2909.0828035803324
2884.8439382939337
2834.4898186611467
2858.78219542595
2839.1565794443195
2828.931888474874
2859.3766686431577
2888.715641763398
2807.4140078407027
2734.3853685657587
2679.599832325058
2718.3335483370865
2725.0217255553434
2679.2403738338635
2673.247123065892
2720.1368509724175
2698.9911246087477
2666.3256116333405
2638.447081045836
2571.7328576573555
2636.3090422794794
2577.4396446864876
2651.0918679747647
2619.185664414921
2615.6201054508856
2526.869840267201
2542.699347499516
2585.7112144372086
2520.9764388306935
2456.4171819350554
2415.764190256056
2345.6148760097685
2364.5339137347555
2326.1547016826494
2383.741656891226
2360.0686763179715
2278.609434648891
2287.4145971464804
2231.1758014566067
2221.987024396716
2176.855828560392
2129.338660577076
2059.7890328200738
2060.9427609347977
2109.301056729717
2043.304824057042
2002.4606021489153
2003.5214656311928
2034.356192381721
1995.546283691597
1990.7054284733285
1999.6741653674094
2036.6804582288319
2036.1454757067252
2043.030748510646
1933.8165495391113
1891.4114824977532
1903.0528889546326
1912.0205951872078
1855.4240068380104
1902.6336420864777
1845.1988872659456
1850.1715416300103
1851.998493396502
1835.996805615339
1877.503283587666
1794.9975196392902
1776.197121437028
1786.1486054918387
1815.1875627168815
1758.1708612555383
1704.3927401157332
1722.4330045362983
1656.009572037889
1640.0694856518412
1616.081914078431
1612.756393510673
1590.089268953398
1598.3482396474396
1596.848439334041
1594.9420363191853
1579.3496213593373
1585.3585986581998
1574.0266207193517
1473.0071701848797
1447.3399284320278
1410.574492151557
1418.1179946119182
1405.7702324903726
1427.208132792271
1382.0990477003775
1342.796033846163
1336.0207725547193
1345.4147352104999
1329.5777217654693
1389.0120440800124
1344.815734628399
1349.3029553218994
1273.9381967465802
1287.66237660421
1322.2559790018247
1275.0897281287948
1269.3038770532135
1266.8902897808123
1239.968468820762
1217.5740425323086
1178.6655678217785
1195.827798868993
1181.7112264682942
1161.812640573091
1146.240612381823
1171.3021572879152
1147.1916852721645
1133.5476848185563
1122.2703311980565
1106.0491369818526
1073.098931828475
1100.73544468784
1083.1091219996206
1010.5293525786042
956.5458756377468
1000.4335474056836
996.1533753944067
968.0199953592594
963.1651573896906
974.6928770489433
913.3658625090078
918.7489985658203
886.781093752939
893.6566423137417
888.6192002676054
854.6091170592613
825.1266982349719
841.7004645213324
836.7619719413833
851.6567651967981
799.5790853633365
818.6265865410392
812.3958219553501
760.9629266405249
770.1156858202884
761.5226455627767
766.7040970475302
769.4084772887459
782.3908263545562
749.7647614163925
746.5605375755081
734.5889494488781
724.5562303485314
707.2720576785493
702.1345582446679
681.5802498514204
658.8687070830937
639.036167855078
640.4227374195724
637.8149132445906
621.6045078694953
615.0918599187627
622.9344544956439
627.4504422095151
583.7764382009296
597.5863133780463
594.1500181622926
595.1673597954997
572.8456665219865
601.6763042869187
573.8550906105187
592.7687250785693
527.8844748070942
547.8351869968348
553.2766916171536
528.890186918551
524.9895045158073
513.6487939241634
521.6701267231168
512.653997088753
536.9214318639699
515.1919617669804
494.1162354872404
484.47473220260486
499.897627500966
493.57802020544017
483.6845947853362
464.12077311913606
453.8555198011758
448.32427896870206
432.64157857057904
422.3700353270787
416.27785329538426
416.642488366119
409.19469749059726
406.01366144054174
412.3331730141437
384.92537199645574
363.82914403772827
367.9108698603632
376.61120006153857
349.15718862710753
352.46096106726765
372.2807076324785
345.52468376524564
328.73290964065046
310.934830597315
295.45904824973
300.66677491842125
293.1840350282577
309.2797253591793
296.33239076668303
295.060763843623
287.2074865374838
280.50155547296856
282.32340208753976
266.0874263953831
247.26179083723412
233.68130618969937
234.3758574781811
242.29728986846214
232.29115656570772
230.45591680497284
242.97557023856925
218.68704124338262
222.68736947354537
212.84779500022262
214.36997610878757
210.1639285609018
223.11566370885748
210.43457509511734
202.23862009893264
210.564536110863
195.43913407929762
202.53477071641618
189.5764339692226
180.65774496327197
173.14636012507447
179.4375116713917
164.26222154549072
172.3522276686854
160.22545368698846
159.45226913756147
154.85241024782874
151.98471275650564
153.5769819147208
155.92160090810546
143.05311122988795
133.50676547905613
134.1325227653016
132.92449169803336
125.7475555238891
117.50280697336534
110.52175817677782
103.6464754305371
93.5255234698195
91.41011258350682
96.68662282814785
95.37669856924288
99.53336087276847
95.52052455399449
88.06036359311352
82.41447299636138
70.45547004944237
60.507960786372536
65.34402667775407
57.766324796588094
58.44344774659636
57.22608772538071
57.39355154780593
57.08993138614735
56.34854742453868
52.37361691261535
48.044673482483375
44.82075756212002
46.13025262648607
44.84686602663736
48.646758548156676
40.3864502156478
39.80232302180002
45.85976726590383
41.83933375867009
44.012862231363954
33.70318449105128
31.801450455185755
29.610913548221536
29.45299879993145
31.10575208665084
30.195352313706785
31.4483580168659
27.449561322746803
26.368822401594333
29.17974312442069
30.252069557140338
30.066486632744564
29.107515039295613
26.54536111457773
22.218532606752415
19.933762248822404
17.57206756395808
17.568403632936715
18.474771015317337
15.305043229905177
15.0989814699192
14.144778156678164
11.45981698694703
12.752698653909356
13.49694629144037
14.67811128011578
12.498004260940561
13.933854425271685
10.700839976321848
14.22670718638695
9.21092259877926
8.126667695443828
7.543006528492661
7.748824165435282
7.997106131552149
8.665061202792911
10.12337769409057
5.699087219859772
8.658755463522233
5.89470602031173
4.443004075199014
3.683986315059877
3.4382822700322446
4.965601272865532
4.369629494458227
2.776281199181643
2.097515470164539
3.220624986455515
2.1769490529790607
2.4176988483839565
1.2464992464753104
1.461328173073451
1.102749846104588
1.3857154974508825
1.1927682193358924
1.1759124966089025
1.1239881615877432
1.72922127230943
1.0328993231461765
0.8544588019730885
0.8407174412032605
0.7895166204038121
0.9149124054792303
0.8064013360251356
0.84897807122604
0.8056957110441012
0.8472835878759557
0.9411913778886316
1.0546054257082447
0.8124954075362958
0.8784167764737423
0.8695320840641307
0.8330063467037261
0.8402818527874039
0.7961975743187966
0.8299706415717619
1.078243403700452
0.9449857118116753
0.8067271527507669
0.8981395014439402
0.7864230887357421
0.8601438114176709
0.7751265273603515
0.7721171127317602
0.9961974001455896
0.9013929761993862
0.7787831132287293
0.9326038088751554
0.9036319291056957
0.8804032850111596
1.0451811662581612
1.0836738760831472
0.8312568949110759
0.8138055398112369
0.9204396978051235
0.7862850628098734
0.830492779266965
0.7781020990304963
0.8577369383685007
0.7932558281614617
1.3407814496615074
0.7625564888021845
0.8257906031443752
0.9108242298796422
0.977226277191835
0.9389078262228681
0.8234392998285427
0.7628305627408449
0.7915219938533653
0.8680968851169308
0.8200285675207706
0.8595525797426858
0.857955039830745
0.7780023968677261
0.9241221060242988
0.8194243624259573
0.7696864951485702
0.8053715455203749
0.8001119105128971
0.8229564252192184
0.8721077177669337
0.7871703577529029
0.7986096320850256
0.7646589482739907
1.056507563021715
0.7717919762245011
0.7780212217041745
0.8800699671718266
1.1100789941696676
0.9743244012974105
0.8887554055967326
1.0969036653200757
0.8256752736443077
0.9273241305514481
0.7844502964448583
0.9999893875587316
0.8878696334004114
0.9296246974150568
0.8107895491927934
0.800500713928914
0.7853962240432901
0.8263618017050134
0.7729265824019553
0.7845500908207604
0.9195513807736688
0.9107718280353232
0.7654817345199681
0.8121397811207893
0.9381632675132817
0.7726953496163409
1.1867855949031945
0.7753833053715502
0.7735530481992889
0.7929748473844661
0.763937411948761
0.8472940724189356
1.0340110257754234
0.9615941182020528
1.1823446184107087
0.7750584467915456
0.8448894447791233
0.8127152167188585
0.778341297395323
1.0250145835078497
0.7793022400932408
0.8487791265990599
0.7894749768710956
0.805968391576698
0.8763944140644553
0.7649928652341109
0.8272081135708433
0.8827879443783305
0.7695587324278589
0.7750827443452724
0.7817911093689351
0.8623431208382724
0.7780730872473656
0.8394132123929098
0.8059786486619414
1.1133381855848787
0.8772411691149951
0.7779636637643249
0.8804923492086701
0.7860922920981246
0.802042584900293
