27512.677417037736
27713.918342470824
26929.182943644966
27155.46127250654
26700.75756850517
27753.66339406717
27517.59957678353
26728.988721637375
26878.833393155444
25680.26143800346
24924.10421292774
25178.335238634918
24481.22792262931
23975.80639360668
24240.61569823454
24675.355629020723
23957.351838774874
24773.511117125443
24280.092205341414
24098.100288699876
23039.400969705985
22995.24040885118
21992.55956053694
21928.938212999037
21948.226281435152
21561.700676504504
22346.08565384873
21387.961779372014
21552.87674806337
20725.694343727268
20833.57370087795
21678.137169818387
20175.554556092164
19235.98305627083
19038.225061083864
19573.366302816474
19423.991781478853
19828.044286479344
19141.304027289585
19464.229571548687
18819.34798409
18951.09214014753
18826.346621674704
19375.849650480177
19804.907004343535
18769.108698497435
18073.607234682382
17466.400899224347
17979.963036151745
17935.71589907542
17517.52297198714
17278.087204080126
17268.3297374146
17740.857881219104
16923.60804474789
17726.013604275322
16399.663876725237
15911.756087715201
15332.263456945935
16457.77880347496
15675.613839310357
15787.895978484841
14169.442510073452
14202.318564345547
14263.283993002096
13577.833640615396
12548.453545580307
13010.522836357897
12509.653831593358
12134.337169382361
11564.333835464719
11544.424594341574
11855.235901032085
11967.712947406184
11989.723216036875
11583.889736612755
11246.15049484935
10641.348097414071
11032.932716946452
10617.521934948207
10490.780599059799
10141.338364493009
10326.752443178191
10380.909079151523
10929.065814425574
9875.849743108565
10051.060963485474
9850.598323088469
9592.386515871389
9538.493916099189
9954.046636013913
9497.549702050519
9502.028953769062
9597.080898088172
9080.596264729154
8673.184548407315
9092.994988284374
9014.230543905302
8831.00694425898
8067.799394888568
8338.482739744491
8182.627213355156
7934.735929790665
8042.096156012194
7941.191847396742
8027.978888683196
7865.538698961102
7770.178840227666
7862.587894027874
7862.201627579309
7413.105021369425
7220.247411103086
7270.127887834729
7182.109365117951
7246.942019173944
7233.148819083997
7192.191274250639
7029.798813952358
7213.737940055643
7408.405428871614
7208.156676739969
7022.2715958975505
7391.553033124996
7069.214763931541
7333.25680763023
7204.632299452387
6958.026432470303
6775.06624342124
7181.580790793426
6839.173331604388
6799.168379809022
6801.305689229677
6690.828308885298
6548.0361138796015
6639.639643433215
7142.856059861122
6217.522844667555
6468.018389867281
6654.4983825243435
6333.674822906933
6142.39975459572
6654.357456621253
6272.626264738881
6203.291863541937
6001.23067475178
6029.580469708071
6213.573968105588
5403.337869114474
5624.792212609964
5182.452859946295
5019.553450856633
5566.395346596905
5368.50380735347
4625.597732098899
4284.832234899277
4356.126306510299
4213.103081632483
4434.008026071961
4005.0328842304257
4061.343682706331
4419.889191585925
4074.4311918500007
3925.9073629249347
4260.11415758196
3765.8260771842797
3485.6778298264258
3460.7909093810104
3475.68097406106
3191.65879873571
3346.122045730063
2990.295170962065
2806.4169180446174
2932.8879392885724
2698.7294166520514
2964.654250750779
2785.9899732324443
2748.053583685329
2702.060888574618
2704.8412758949066
2637.7103264263096
2570.610276309085
2677.474865242587
2524.1254305792295
2704.787476741668
2307.0503248543146
2286.2308188288903
2388.3828119349264
2367.733886712117
2230.5194603894406
2231.7198085426376
2027.7911694276245
2161.065294706546
2092.4825399918795
2129.159955711238
1866.8837521512207
1920.0415440427753
1830.7489821331303
1862.0432273871986
1740.2650994931205
1459.7152919192556
1438.3600481136896
1466.2953211662887
1365.4250534458615
1406.0271313080764
1394.977025435814
1294.166891282979
1247.456133675696
1233.078340512078
1134.8932899006597
1226.8494076551056
1089.1771473562417
1150.4341835723333
1188.3530245391628
1058.0457133606665
1257.197961094811
1181.434169005868
1190.0753365451585
1035.2474752598578
1077.2240027143257
1156.4816389515468
1002.3853269551613
1113.303128649516
1003.0409246088047
880.9546548182782
910.838073156131
786.0419754910058
866.3959690221853
823.5153003376167
877.4907830494822
816.8412913900047
768.8930580853231
796.5490176840965
733.8851746634134
768.896446536998
705.8679575780782
701.2396583628656
596.7433267742176
610.0505271983073
584.5169833963621
554.0783897278303
626.2808194078222
572.1732129151915
642.9563635740933
512.2934918337147
463.19085572654734
467.37187485925466
442.27738519631305
451.2202635934958
419.429140189401
406.49642304251597
436.3163505178364
478.58909213599566
362.7095904301474
329.59485352276243
372.1257849754191
319.8625217953209
362.1119044442959
372.25766726961706
392.59009527692217
300.635282524929
343.97817244144693
268.60304913312234
243.20445969395882
226.3144862463967
255.54207263370273
247.77976497598758
212.60777247873744
221.94362841535806
183.32520996216013
176.42906344052085
190.92105444958767
202.50172623735804
150.38058247931184
132.1649356490816
154.8251237554517
136.2723186753982
129.53737223419984
131.54651869605655
140.0490420297471
117.13027702494989
136.959875994977
116.16001657645528
108.26940318901032
103.92921738616708
74.46853763084648
57.550763480035556
69.88198986682167
57.47672070406942
66.50838644611322
65.89517466977755
58.20596848744452
37.899365808040905
34.52875569925649
38.66013376487256
33.061163944920615
31.0310869898733
31.691175460354795
27.007895153512617
28.163059461042113
37.80622774439135
23.81988096492793
17.190584828834943
10.507735879787647
9.48950510308957
11.91686068880815
8.868939505793701
11.625830095687649
11.457978883955647
8.149218880183783
9.441111158276968
7.095734763701698
5.780501471012469
5.937836818362976
6.160281002783581
6.119847068314046
7.907104515167013
6.860438765866016
5.535846914975807
6.023231405836761
5.549519407851941
5.628942992777146
5.286722790696361
5.361614351447868
5.459033437434634
5.366754252937861
5.645446018086179
5.673069904265354
5.423129935247228
5.408510903088246
5.7759903347424
7.367522122271092
5.401579025898141
5.4763622807318
6.913778919606898
6.881996163428036
5.740378645269138
6.078810820987563
5.524190405161082
5.308037417138353
6.276790724066894
5.467209348461268
5.254555355313927
9.05907742705012
5.360059915042853
5.308751333464336
5.818884177990645
5.501476773032994
5.498842485294522
6.707066946664556
5.274560337240321
5.895908010823092
7.753664994889042
6.1937624494894035
5.462929687443761
5.495287532272953
5.367133433278641
5.320160740030451
5.590315490234268
5.438960325422962
5.638641716244986
5.252796927161702
6.2323522654106664
5.445169307508284
5.829568569562274
5.637195924916205
6.384658449248228
5.271710621957384
6.004686779930289
5.325430060645672
5.245565144840506
6.238723301917019
5.346712275926156
5.521732435842205
5.229605570949499
5.444583274829371
5.744554817183209
5.395313349517181
5.926872004835031
6.292828211048855
5.302435093453924
5.237110271581383
5.592029520365129
5.257154951788202
5.3553895601622425
6.861218482133357
5.8461655145388605
6.290598327641624
5.766294922777608
5.38812974632979
5.821534212711916
6.743501348815528
5.528641981998906
6.243687271539374
5.560691301186763
5.929631573114828
5.879776215908741
5.5770418802528035
6.421030674990139
5.478649152440151
5.2475049539734
5.347927017312443
6.6708641435518885
5.24049823533526
5.5989674367475715
5.37973495525355
5.895374695934412
5.225894885491363
7.092761026275932
5.78411092073471
6.500327744163682
6.4617136895207885
6.383465306138797
6.497424318408335
6.258138257028985
5.717128060402465
5.366960698520398
5.875050284823935
5.896325279730961
6.5198403965126275
6.118129159534302
5.322707597010638
6.869514616176747
6.0848007326221065
5.267081811026166
5.741572161966462
5.697280082651703
5.782436126946834
6.253115155060055
5.81406556374849
5.320754600977978
5.359582955304221
6.021699299164407
6.146611482332513
5.596789299845401
5.777921478830734
5.550698441175749
7.958123544642595
5.3674070271796195
6.184842194632246
12.942236905151093
5.2752555151336376
6.4320556710218755
5.727667976956381
5.301572494932502
5.289636231710157
5.667655635713323
5.9640806967711955
6.002222173886439
5.71559384498088
6.054077364784876
6.59317025648758
5.319815634744614
5.389382099124822
5.961805671057876
5.465487442248712
5.5336484451812815
6.127217839802362
5.559826025876668
5.656644973400911
6.8058267020627286
5.8938049711173495
5.4372273835242275
5.813085855330861
5.450665370528292
5.326585699240417
6.36453463079366
5.4428099714952385
5.426278410286501
5.838478686196396
5.769968168816929
5.269988692716689
5.231802490603457
6.154823648894073
5.601172818880875
5.289463691735918
5.7780315480469
7.049697512056761
6.534798889028746
5.862314593754087
6.110824129047444
5.429178492639657
5.455261947255195
7.190866296387811
5.3302356666294495
5.243129180498725
5.790056800131382
5.249911246877865
5.664096565265693
5.652580118530343
5.341123923130045
5.707639244110577
6.004498534414888
5.715547762158627
5.833249676663218
5.353463294945486
5.648404267373316
5.654305898910528
5.510395691732729
5.264950731047076
5.305146184276092
7.575800158184695
7.549923404594788
5.446890638856244
5.796442691724008
6.532923103758403
5.313445542771756
5.945328350699819
5.636210594222655
6.045315886205668
5.373260368194785
7.423286557178628
5.915036544511837
6.086659376075329
5.509470004423415
6.554881841361994
6.910405191835013
5.832436322036163
5.333802244689409
6.701545938965811
5.543572285133518
5.820626137711358
8.332586640904559
6.970798837653845
5.315861896998166
5.580732785528578
5.29125486800438
5.707966151595622
6.01525868455807
5.477863065488995
6.2947421406278945
5.678702144094495
8.203948987369266
5.84645071856497
5.692744299786446
5.328569194770191
5.76126720674908
5.723314362517627
5.265917454495468
5.3123618559128705
5.637342983712729
5.60443124305076
5.4190349368563595
6.50987142319887
6.612840835425461
7.926776293501175
5.617787824070579
6.3824406804087985
5.646973200988846
5.850691149901692
5.419625860569649
5.36788360060525
5.4953767989979685
5.53089292159587
6.0115806121850435
5.897506864772212
5.477739588163878
5.803970278272069
5.326985747364523
5.829141459213536
5.799480315391137
5.6012437588592
5.449492997149184
5.745039533414769
5.596052671098612
6.294554692247754
6.454616842675945
6.1618658240929935
6.173928964024025
5.639471096744922
5.34740742358251
5.553175793640898
5.980109143331483
5.6727480456956
6.19299098351004
5.86727533083844
5.394554838935413
5.257036526161704
5.520578117248185
5.5755607518109205
5.466224799215869
7.081313196006471
5.590008392343401
7.93231091778529
5.975075542432025
5.286847790123739
6.644091942811947
5.485071098031833
5.963044197708772
5.401951603278125
5.2755446214671355
6.528890020751276
5.560624568607829
5.451193570653067
5.813137285355804
5.342648913170678
5.3848492692475185
5.497275204433153
8.014076132624135
5.689404246619376
6.076378720607022
5.242924997500858
5.801877081813709
5.405392896548365
5.431454381370842
6.515771334009696
5.9628685929421215
5.5728664704965505
5.850231965991997
5.800037197921727
5.259935923096155
5.227743071408417
7.562152752479861
5.2804265990450165
6.746888308107603
5.482963511575083
5.616788466844139
5.420851290223851
5.292253733839032
5.673616688353833
5.233781339758989
6.175215954284431
5.83013670599848
7.310059316146642
5.761170578647921
5.38865739211554
5.388947046057517
6.261683023418227
5.452005015158982
5.302551197171603
5.433908662520305
5.5919368928527255
5.350657245038908
5.399303055158761
6.812031477822568
7.259584932759025
5.267114034848306
5.555376153324784
5.5541360281339
5.494654995291981
5.245643726049279
5.7124437579761995
5.57397160061159
7.491309468644612
5.557680748903788
7.627394417069562
7.161286657374833
5.612813524619225
6.5642838571593956
5.983389396020444
5.321391891136841
5.249235678158451
5.803268110067769
5.366073050636251
5.366620546747303
5.554056865835534
5.414197202916586
5.354163366027655
5.707465770254084
7.976002770369696
6.675756402042199
5.857400068498771
5.883175643728155
5.810471358746563
5.976148814213635
5.6961684588318295
5.264728604239091
5.43074623570813
5.605574245528998
5.424819232727991
6.709047161954414
5.8394574508054315
5.445188062587896
5.283214888635208
6.149880589079839
5.5775652446766415
5.518494552936709
6.234492105452873
6.273330094442678
5.564731048761489
5.7122350787520375
5.400895159395472
5.772264352308627
5.440350459556754
5.749279263485972
5.335847977120558
5.381810945528062
5.34201681445097
7.333267294445573
5.5306326328982
5.278421434083413
5.8749215401714014
5.989347859283807
5.7855113411733505
8.60496398064113
5.331424427817934
5.7639608104708575
6.586636698319921
5.356743793066483
5.536530758386758
6.606433521119821
5.669547847433268
5.227102614865142
6.333156065779142
5.592954253988521
5.289467231657204
5.510288135204103
6.031615042177666
6.092384816189444
5.639795361252574
5.372044979457437
7.108110024245475
6.096626362762146
5.435618097273899
5.9995772215544205
5.246530844363831
5.514305806719884
5.5484161481828576
6.567957950791655
6.607049091404897
6.327038030809208
5.3934769789411074
5.765270951293339
6.25055085668167
5.373163960725265
5.607937271610331
5.340146475196268
5.253870786237533
5.2434757688831635
7.293658695606119
5.289047358184695
5.548359530724371
5.678489606777145
5.956204011161347
7.102039777415927
7.094249595316018
5.4248290174361955
6.752162896488224
5.509617392543719
5.237780550617068
5.327858799100058
5.302543683574973
5.503635397557529
5.618695316978321
6.25151995716037
5.889874417061122
5.2560624206993065
5.669837438255656
6.661118068241878
5.336126022632397
5.382310168779686
5.678007347363192
7.130165500799652
5.295323405459348
5.692070499086901
5.289852418370478
7.028743236200351
5.226240712970798
5.720730262257235
5.6735887688659705
5.545385162798077
5.620687603672209
6.21357424980885
6.254375703091987
5.2458844580918225
5.389973024781348
5.644499067255232
6.0901963083044315
5.3246845911968865
5.232636085909433
7.1839295674371
5.418742513377996
6.592089778087319
5.625302439331485
5.290989888801734
5.682655682124562
6.127445554690366
6.52254225819899
5.610974486347734
5.3493958756417905
5.677348835284718
5.820418289836198
6.2416689565644585
5.229997657391177
5.754293626591242
5.618034239427754
5.880251451978296
7.41797941668163
6.141482874379541
5.454636836241781
5.934601196438381
6.666623029592397
5.230534485370667
6.829499331953051
5.267401252817158
5.486846894484112
5.252266827768633
5.954895906456954
5.235348229633814
6.1099115532827835
5.2733186106123355
6.926637635144315
5.750596842665761
8.154630434574834
6.819869168675915
6.083256971971402
5.799381811636876
5.451407071373049
5.967682735777634
5.341109930830406
8.850596212431887
5.6668238891700735
5.320695460620813
5.234418103666538
5.54103449969792
5.333923059332313
5.24022619730685
5.617212240181636
5.472466412851793
6.015681028611397
6.360472238761999
5.65987519063934
5.6987838572252345
5.392373668973802
5.341588928137093
5.244692201709041
6.7796501591619975
5.782605613580396
5.270893014527248
5.306962359534319
9.386264377300247
5.747879961188463
6.364446975737147
5.245833391817759
5.256704444077451
5.557806115465417
5.500373983109347
6.5957529822729395
5.866151669174033
7.60420634421798
5.650956501966338
7.085945117273161
5.291466718713364
6.07659013465871
5.319948398361971
6.798064531124362
6.768820487745678
7.415878644957163
6.41427400225464
5.963163779564626
5.41466016687815
6.060731012690535
5.390463182561566
6.214514784152861
5.586012607419767
6.6724242774825395
5.326563317104201
6.6124335003658725
5.897380350851636
6.3946111716399665
5.878289156942964
6.413117338490471
5.560869816450653
5.905299743186323
6.055629104350354
5.403786086352055
6.094415902129937
5.502415694659837
5.584795505834819
6.008562344126721
8.614715288828998
5.947838545693438
5.99514714822771
5.36045102486629
5.472221333846653
5.689019931812955
5.345955534174188
5.7445068984433165
5.314397881818754
5.446031240883851
5.378929275969471
5.370295528316961
5.491501951747212
5.677908313705417
5.913853195939081
5.295411039042094
5.578474475875165
5.979398084925165
6.34779790225539
6.442012654856731
5.286899895782842
5.877245608842776
6.199620381550279
6.260929906335429
6.659518184956267
5.5993208307181845
5.834963933107496
5.638441527221019
5.287719352621242
5.938662187610907
6.162794766789913
5.633098902949875
5.659442653206526
6.014034315232312
5.23304977075877
5.403085418035667
6.020988673199394
6.11028951296735
5.832589809223179
5.494313638914545
5.478410323501005
5.280750039948304
5.508300148401712
6.472232932304792
5.31771566175797
5.317086287460061
7.350049089786794
5.732569606699139
5.89732895037843
6.298279179494431
5.237906933112871
5.81622802309904
5.511845696154128
5.61855707448095
7.104928704608217
5.800422811761992
6.092337558361297
5.260631065067859
5.85611548274418
5.442527594631992
6.408041479877433
6.703067660446418
5.70826526323101
5.5405565434896715
6.077209255483474
5.329206382467572
5.872587055989058
6.197844165851423
5.312098916868624
6.16395083211462
5.256220602787987
5.545819095185445
5.233575611669677
5.8083309580427676
5.991661385960612
5.56193850489068
5.450259055668436
5.954721952696607
5.253212706162461
5.784516435649956
6.120412800202443
5.4117571237044775
5.586994913853481
7.6147829724321054
6.50137393451797
6.389422547319462
5.890319463498175
5.3712077597419094
5.2628838053338765
7.744907578316298
5.734528942980916
5.347541991623096
5.392734175443126
5.567915566300045
5.316074601788777
5.326523946051468
5.603001329604133
5.32694812532389
5.244405218471281
5.252263171102852
5.592735051434801
6.018637926209276
5.8575510648881925
7.605894209681867
5.649818215287673
6.642280566226374
5.730123226073127
7.161578371350399
5.7634901657326845
5.537844758016714
5.405447811240354
5.447145200489912
5.233559661146522
5.337180265196682
5.354078630896378
6.192430101338623
5.588318980282017
5.340934361356391
5.55346139942713
5.681940647378861
5.495328449607081
5.430991541347311
5.502535197488159
5.592756499194168
5.622159060745252
5.5753153454377475
6.525397490534022
5.453118525114837
5.274609735852611
5.905328460771399
5.468480956433121
5.450083133697564
