28.60720710995352
28.565702631816798
28.505296096673007
28.4019738099873
28.358724104614137
28.108633927389413
28.154240062365993
28.403768293777876
28.459199426506295
28.419821725124265
28.194765819079713
28.212170964556243
28.046928365109935
28.100846959903194
27.96546019836284
27.72296949742088
27.945368732362027
28.022312261360174
27.629163649876812
27.78947812296665
27.727618038013958
27.49210900936122
27.625991592615474
27.662160689244782
27.422828109270135
27.30163020644389
27.591959948978413
27.775077535761113
27.133170044296655
27.070759720404137
26.87577802599993
26.905759514157825
27.059128256617875
26.97112797151899
27.02467168396098
27.362767596626654
27.06870148172709
27.071001551743585
26.78805858449674
26.844792066240363
26.467972448114107
26.60104588496302
26.78737753428846
25.972313667302252
25.951624352091443
25.74909450079143
25.79253467261966
26.07704030119625
26.196837597411175
26.03950579353448
25.81074661069601
26.327557404724583
25.675635062433336
25.493669291074895
25.277576316058987
25.340635704785534
25.537650930725107
25.581000173464915
25.170865152694745
25.573284033748333
24.894981338482467
24.904896963162106
24.636873798259646
24.615945922967093
24.86981525417788
24.732021697062237
24.531009040688716
24.69205111817174
24.635290944376646
24.46696009129047
23.89676070252108
23.829480724534495
23.887710194831794
23.713701813963937
23.178467939323053
23.24654024841078
22.957755944097215
22.51032821569288
22.76601282178116
22.146889959947156
22.108103027564585
22.36940379922568
22.13927876750837
21.57836669194424
21.539612251356136
21.752305602129383
21.338916761690594
21.37396434185711
21.40268481260014
21.424732029972475
21.20925932387089
21.15452122804858
20.75030676687127
20.53446843610581
20.56190039640476
20.755529732450857
20.372525553287797
20.387449068617226
20.742277351663056
20.02143172873471
20.472205363556274
20.350538531148004
20.12890252038012
20.137274756994486
20.55608284327197
19.739449852800345
20.075949540387555
19.53964381418249
19.449228361918923
19.353805497975955
19.28873087084486
19.101120848616
18.811875523716555
18.50393555698847
18.540695905554653
18.470539974773775
18.071126370045256
18.0281702445942
17.97892454679262
18.142104843210785
17.676767325917787
17.417484445611095
17.207396664873585
17.248295370922737
17.362707259064013
16.830847538130946
17.111164673586757
16.810058956544097
16.73653086076202
16.836967476115955
16.727980941640656
16.889970775391696
16.865485941538555
16.347554635120282
16.403460716647324
16.072199932852406
15.945890745496557
15.728684683680555
15.498009130181945
15.666293917688174
15.059693483229715
15.363621989900153
15.089808629727502
14.62872312123051
14.580168686464585
14.643565876693803
14.443540994476134
14.656981230892725
14.492743223987867
14.399265344617422
14.623497485735902
14.353463826932025
14.272300978844985
14.81537220351651
14.258580843158258
14.390618966989996
14.322080534947206
14.230790349032088
14.58494208514591
14.194353343146506
14.229436499634714
14.169259249162403
14.085760509354333
14.25847725993002
14.132752339956552
14.117801071821606
14.130882747830936
14.364447615450397
13.990711791284774
13.902230984838624
14.03909844637148
13.829789314622875
13.723454518812483
13.846712351416597
13.63163736123192
13.562847026284512
13.741871052483019
13.269780120419433
13.251415581579
13.223142203348738
13.130273207042707
13.09694383525396
13.256680436855232
13.2941843899706
13.26730556877933
13.031941115863928
13.068447692823007
12.712151878665782
12.797878989328064
12.64869976177525
12.713922195059586
12.70486189563649
12.737258562152576
12.749895084183734
12.545396946222432
12.757027814964014
12.489785795315672
12.226860451381626
12.297010506981886
11.975913054596246
11.79522056465725
11.790808976823401
11.727075033588005
11.79751687659252
11.552964579899719
11.253032965947648
11.540383441946716
11.294335804285907
11.300024088593018
11.490952603459535
10.987213633682458
11.061661815648426
11.14377189700802
11.13085998564551
10.850271919211883
10.83545559453435
10.856441697493114
11.062299735136996
10.821245650133708
10.836099943314798
10.733651176187609
10.80273289736257
10.620938788270081
10.677906381970816
10.54643699570136
10.518116042909181
10.496650353223737
10.377913172820888
10.383861398343473
10.362349208773875
10.214567158331107
10.184051367711579
10.428602309920693
10.101559475073666
9.707526816860105
9.619864370339409
9.637271112426689
9.639180581570027
9.707776387606328
9.709196140502085
9.374232136671152
9.278032328343848
9.034380395460984
8.963030000500224
9.050431846524354
9.050342591465267
8.783485740233095
8.879471791030765
8.54181305337246
8.828215679229439
8.883617687152867
8.574859749499879
8.633848343532255
8.68910738038477
8.514703590376179
8.456935189157614
8.385648334067925
8.164835905848834
8.172159954262503
8.326170295354604
8.223483081577232
8.363301510219252
8.21213687882909
8.343552975573921
8.133775744373157
8.17675180103101
8.184200946078898
8.021499860622392
8.21665755535044
8.028334786096789
8.131339401769324
7.935568269711991
7.98473155121514
7.813484500920422
7.720629122419252
7.863738703034409
7.428496190614925
7.42438091769848
7.271478823326953
7.220144182545758
7.393064898596465
7.236496803132514
7.3192672770645
6.988356342117865
6.795213440689954
6.802488695236577
6.693245922719607
6.745320703752156
6.658331313301478
6.821408574675107
6.637285047765494
6.365558004282286
6.454337028873308
6.026937168173575
5.908705411589713
5.980945668602123
6.088912429349127
5.980857599680688
5.888798146941699
5.823712693129213
5.641910296374204
5.849786038005486
5.830533311301266
5.733776039115126
5.578628317208522
5.454909938269598
5.314961228978622
5.400385478360763
5.2439431877684095
5.2851844686508365
5.036614061767912
4.963103889353593
4.855336440098333
4.679463724242303
4.572755625854887
4.361057424730134
4.293292677645144
4.244182847636879
4.143602497460247
4.234663762885026
4.283660433858106
3.901664159142199
3.832300415187575
3.8283433457779275
3.943593602541017
3.783709387043136
3.675612246862048
3.739727983112503
3.5694314468091966
3.5090080465509965
3.5003891429497735
3.3888283063787554
3.2400989498448256
3.283413164253274
3.144160518644265
3.2196016658095155
3.0897572959769435
3.0176718922791976
3.0397742383700614
2.8823681278237974
2.896269036300823
2.858297319576453
2.8273995440353294
2.8128869838458277
2.895021002818916
2.6870383942661578
2.7945523184980603
2.6012960737703708
2.7085155358787127
2.643702233547045
2.648181625830262
2.7192334972846632
2.626476262197036
2.5567979076688894
2.481990350326762
2.489721655022871
2.5535731605552807
2.331428716665299
2.3134141917966553
2.255212911272021
2.22939646529817
2.1944130359706993
2.2135789788460807
2.217590054060655
2.1371012212365104
2.262109610998144
2.051113507605823
2.0030590079186785
2.017476460868695
2.10011136671781
1.9501938207779776
1.9797438173763138
1.9380870389958162
1.9860901109426914
1.9467801756803689
1.7891602460026441
1.7248897035653274
1.714133452220583
1.8366411898605222
1.5904136298776101
1.6660508365885187
1.662371551718289
1.6346064930586865
1.5522833469422075
1.5928034750573374
1.617060707368081
1.6303133922152848
1.5710512058365134
1.5615149980172534
1.6156208918212356
1.6101976970488223
1.6222972241510958
1.6468189863811973
1.545365577880193
1.507164448118286
1.5166794561066475
1.5049519055620504
1.4894074377158109
1.5585380812639837
1.49559554372577
1.4780067845909681
1.5894683985555838
1.451705685631246
1.487876617108405
1.5188874349954717
1.4384885932845006
1.3797807096153538
1.30862266473335
1.1919212786662432
1.1809085567527957
1.081201307737895
1.076033762840763
0.9673783635695539
0.9837766734828435
1.001096801656258
0.9948619183663405
0.9319845557062036
0.9049968233026022
0.9106657467387118
0.8593979169216454
0.8493193285598604
0.9258091359469323
0.8099970422873671
0.7001979775952447
0.7708118263566558
0.728951711979026
0.7280761931714225
0.6480585013284798
0.6881146358800344
0.6509603523099591
0.6639654967390493
0.6036024930923869
0.5682146807413254
0.5550552378256074
0.49759479972499066
0.5205015341680945
0.5331299898267867
0.4548764495645134
0.46832502286051725
0.47829191093237455
0.4748589832176075
0.49747683966696526
0.47529982359338374
0.4965575023525917
0.446871254917441
0.4523025369953504
0.4539673416409709
0.44439916519415457
0.47521409846767093
0.4812610284441009
0.40508933464884656
0.36856220013478824
0.31866132041883527
0.35904798784299374
0.29910356749623135
0.32836888884380944
0.3249753830100311
0.3145998636801626
0.31132991556543577
0.33554274292832154
0.29683768978425695
0.32369174053734573
0.26323564260078836
0.25470373736244645
0.26774610407939664
0.2847680551886911
0.2697686239734104
0.23762046078346089
0.21537772078780126
0.18761842891652725
0.1776442708477281
0.18098820358202233
0.1717187975938583
0.19397428902068947
0.1701641781690015
0.16418568716391016
0.18747204076443022
0.13080653690681804
0.12849127045722436
0.14503085066596502
0.12022009519580801
0.11905176328289352
0.09596462072333146
0.11333460694221878
0.08834335108689022
0.0759666756646207
0.06674078876872791
0.056605197218016025
0.06350530919622667
0.08875869129782907
0.07542743322473051
0.04091229870245093
0.028486905553055747
0.04076096534426958
0.026136984209012303
0.021012485064251157
0.023404529494887163
0.019303736637374887
0.015395145134668687
0.01519447678116726
0.013951777417140737
0.01658608306679031
0.009312082961724406
0.007456816206433151
0.006407298383973036
0.006141025184176201
0.013870581588220013
0.006154681478841609
8.409760621697202E-4
6.806568731268263E-4
0.0012626440882061677
3.571975609715535E-4
0.0011085218696588754
0.002768314148545321
4.4315783247757154E-4
0.0010872308129445825
1.3535025766404013E-4
0.0018344753136135313
2.6438803337670624E-4
3.1254315528276785E-4
7.560567979141709E-4
0.00283853946835664
0.003466796509467728
3.456485271930515E-4
0.003288330643764682
7.329657532063437E-4
7.692379450151389E-4
0.0033621900861434614
0.0025295694513874766
6.256762908594849E-4
0.0014822227014667096
0.0012810101066743531
0.0038661958910532687
0.005206186263750346
0.006736180120713724
0.0032895583307954563
0.0024010300097827026
8.756689696010448E-4
0.002701165941105371
8.126438814763771E-4
3.154276052652084E-5
1.317312053823216E-4
8.767550272961737E-4
7.998744318161452E-4
0.001906358119833307
0.0018672382601248219
3.7073946293710616E-4
0.0032321521698575693
8.589654493599683E-7
5.395853692618753E-4
0.0010966022539264922
0.0037956422232605816
0.002458157240508043
0.0013419640696792426
7.714096809401814E-4
0.0029944255226832662
6.519700955817136E-4
0.001127812435081079
0.002086061198654868
0.0018741148724206987
6.603295954087515E-4
0.004734930809718398
0.004222412829758085
0.0011400049878882571
0.002694298902348795
0.0013534974767849285
5.395498828350861E-4
5.462188402169376E-4
0.0014496094880177958
8.843397218566138E-4
1.1447551514496365E-4
7.527469583890707E-5
0.005829956573667187
8.482664368945589E-6
8.617277792119021E-4
7.295235097379847E-4
0.002045022854522073
5.897764152864243E-4
1.0182779900644511E-4
3.55353632415788E-4
7.027974309152317E-4
2.6077791575389344E-5
4.564050426425234E-4
0.0011922213050229989
0.0015551555338119071
0.002783900615508197
0.0038219584846844656
2.5620909971283215E-4
0.0029860460815651765
0.0010562647379457914
3.0022894794805137E-4
6.146774366368042E-4
1.843032555292597E-4
0.001444073355788483
0.0012299939605097583
4.5898794273256665E-4
0.0019225010394809537
3.559708906969159E-4
4.267226795793723E-4
2.140211449363056E-5
7.499319062972292E-4
4.233901745004985E-4
0.0011576876148160077
0.001287851543263397
0.002365095500612236
0.002101842282871897
0.0018810632825987056
0.003955113706300692
0.0030021992653305207
9.403459946340291E-4
8.718556628735113E-4
8.511659854840274E-4
0.0016661298240003685
6.253453050139285E-4
0.002366128832486139
6.162204574555151E-4
3.7734293109037116E-4
0.0014255497676388448
3.924187717965264E-4
3.814336287727662E-4
9.878645924931025E-4
0.0010462436556904929
2.539948370049771E-4
9.41598140851398E-4
0.0011534170641761656
0.0015131029907145353
5.511239562527183E-4
6.986878960380408E-4
0.0011406635992878716
0.0027964675087023463
0.0013742283647685016
0.0013929506236459888
0.0030166145280023813
8.079802335122197E-5
0.0011569540573215654
6.525305635212747E-4
0.002563317274426724
2.193945859840243E-4
7.07306254833009E-4
0.0028268039153577936
0.0017491663128513806
5.630371267076044E-4
7.219754646009017E-4
0.0013834685540877864
0.0031667639360290815
0.0014673534933152684
5.812525693547377E-6
0.0038112559582481878
0.0024445118859356195
7.682561657159835E-4
0.0013338417081498052
7.18365364049855E-4
0.001285426451772593
0.0020588665948924082
8.320164747532335E-4
1.037820564320256E-4
1.4429864879076347E-4
0.005155511539686925
2.3059152583028878E-4
1.848913429816725E-4
5.10751248856422E-4
0.003561267223807185
0.0015448987580496331
8.664574497492671E-4
0.002618199769339656
0.0014349028257219134
9.021491796640127E-4
2.1811572155385785E-5
0.0034042688214147203
0.0012485008767970202
0.0010575421291272482
6.91090608929995E-4
0.0038436429391906003
1.9457079322612216E-4
0.004606441484443943
7.307549150902302E-4
2.4174530960899564E-4
7.606750780979355E-4
0.0010647183054465254
0.0035000556117830905
0.0011683224962620337
0.001415710351164297
0.0010997698998208559
0.0012317169877916023
8.24178133087893E-4
4.93493310108547E-5
4.17159746501255E-4
9.2409690091992E-4
1.4164805701221742E-5
3.530194318643191E-4
7.353389636939776E-4
4.89787712252881E-4
7.128398620145947E-4
0.0011377415449280953
0.005116316845023662
7.068401596273337E-4
0.0022264514822883134
4.646595750556455E-4
4.278821902072745E-4
4.0876918178607106E-5
4.8022614243915194E-5
4.5998622138133103E-4
2.552475339297441E-4
9.921398230650198E-5
0.0012129192353919555
1.720710691196317E-4
9.247075107754632E-4
7.38243507897302E-5
7.980819937061154E-4
5.55944303395989E-4
0.0015132427373912632
0.0012657770370265297
0.0011825574108465322
0.0012355695535002727
8.04593027824954E-4
3.606251221464883E-4
6.711663375980838E-4
2.6760960753291927E-5
0.001999579610014875
0.0016128156319599675
0.001849830433764945
2.900292047085706E-4
1.3587330809740935E-4
8.576978375781128E-4
4.6508545392278267E-4
8.394996834750295E-4
6.011779608272606E-4
6.999095071367632E-4
5.701539487164976E-4
3.6939385375396583E-4
7.503519179416448E-4
6.789174826528019E-4
0.00303279827121663
0.002216873388340612
0.0010808831440507626
1.1618865929868016E-4
0.002230358463321967
0.0031493823581476292
6.590928842033346E-4
2.3616857798176873E-4
7.674190816904875E-4
0.0015609839298520102
0.0012810951079192724
0.001435531699243979
6.351590089241724E-6
4.8090899422654874E-4
0.001307862073319295
5.359596722963289E-4
0.002805790469846625
2.4716097814854088E-5
0.002261591523630483
0.0011867379681688103
8.977022885988955E-4
7.244840748457033E-4
0.0020531288316924627
7.427503036082578E-4
8.72227062071641E-4
5.17190417970246E-4
2.2938377769295221E-4
1.0573018757915672E-4
0.0019924533992984566
7.628554326686802E-4
1.6607066786415993E-4
1.2451607007088047E-4
0.0014058239744013275
1.6953840708099893E-4
0.0017158560123601725
8.500781914781903E-4
7.619065364627805E-4
4.992090780186561E-4
0.001404543963333553
2.680297635621499E-4
3.2221438648613495E-4
0.0025015756268793703
0.001538038774654116
7.67911272894428E-4
0.0023947514519423244
0.0035329287931334355
0.002584745506851857
0.0019477914629953718
5.301200724910378E-4
0.002521747978260016
5.227971084040589E-4
0.0010970828220713182
0.0020334452567403348
2.7521028754569934E-4
2.972558766176521E-4
9.693152197069872E-4
1.0440015220646114E-4
0.0012049792463124324
2.0382011593202744E-4
8.49561231112892E-4
8.0575006631899E-5
1.8729323516173004E-4
0.0013389031424783475
0.001412060927664195
1.3116246560529023E-4
9.752275377027855E-4
0.0015499799400711858
3.528752465749175E-4
0.0020071927446427104
2.517346934678858E-4
0.0037456203525101086
8.584937812349653E-4
0.0036948009542096933
9.31503365448856E-4
0.0010450534993066728
5.466601591569868E-4
0.002414173666292291
0.0021727652188300414
1.370109441225094E-4
8.665671754882698E-4
6.557077322399623E-4
0.0014786704333562737
1.9430864626855318E-4
0.0031520285127692397
0.0043249067386918055
0.0015503949297487661
8.175485087801032E-4
8.077939648081802E-5
3.819547432373609E-4
4.4135151089882925E-4
0.0011173881856308438
0.0028103140563709413
4.2000192245569465E-4
6.668640615818909E-4
3.222643584397985E-5
3.187259314547506E-4
0.0022495214917198697
3.644067819571126E-4
9.10817149341847E-4
7.082473205195117E-5
0.001363506701804302
1.2535199974024187E-4
5.906985500535283E-4
0.0016088165342157937
0.0014222768007466457
0.0018166496689530874
9.439927692829878E-4
8.227446315756454E-4
2.016568943885679E-5
8.795735632781314E-4
0.0019771866960174756
0.004142725563437368
0.0013217670337900432
0.0021442565656893784
1.0511380808025105E-4
9.735654381222654E-4
0.0026335044494401713
0.005569117376665588
0.0012274364418479872
3.366888163684235E-4
0.0030132951644655766
2.864245861504027E-4
0.0010770771420007027
8.884565663073165E-4
0.0025888947839416182
2.7694861674335176E-4
0.0016644181624271355
7.471916776062173E-5
0.0019254960175199957
2.510135638364231E-4
3.0891978163241634E-5
4.28311505311432E-4
3.8029944015410567E-4
7.233318689057083E-4
0.0016834332765880951
7.37177437696331E-4
0.0016881119045622725
0.0013595920505035874
5.279771818479862E-4
5.943631499933238E-4
0.0020165422156195514
0.0010825752275601575
3.2654971142933437E-4
2.864905888742722E-4
0.004642963551265573
0.0016659992118033243
0.0030296738067546575
0.005577631411065904
2.2489795102876103E-4
2.6293724099450694E-4
0.0014718827745919942
7.084781374466353E-4
0.0014986948930340233
0.001399059198385602
9.582178382290867E-4
0.001172325362480704
0.001517053763425025
9.718970432189872E-4
0.0010240771986686251
9.320279991273145E-4
0.0024108011709277795
1.7171217445127412E-4
0.0013526361053685229
6.793189630287472E-4
9.968080900776384E-5
0.0010013874009249816
1.4008497873089186E-4
0.0018620092472701809
0.0011835310203390358
0.0020268563443074537
7.713725693299624E-4
2.466915613759051E-4
5.87168975910052E-6
0.004143046396084021
8.881437704343939E-5
0.00294545188289119
1.0603698267890266E-5
0.0023261757383148986
0.0041689359210330635
1.675481672850131E-5
3.924820839660087E-5
9.458317779386253E-4
1.608308873606942E-4
0.0018346371228029333
6.701886878533718E-4
7.57211454143394E-4
9.083264663235752E-5
0.001750870957080898
0.0064510157487555776
4.8313799038403544E-4
0.0012409069544395434
3.9668950407536674E-5
0.0015872171531150553
4.037904070806787E-4
3.137171263062124E-4
1.583955487518683E-4
0.004293985709817668
0.002961267057000061
6.728462245862494E-5
4.0593442255485227E-4
4.653515024007086E-4
5.089604296497174E-4
6.142084913929558E-4
0.0021358306900856384
4.898069946141332E-4
6.43106220428419E-4
4.954755321561919E-4
9.658540345267086E-4
7.748352962674178E-4
2.347968567507557E-4
5.2680493833279E-4
2.1595293426359812E-4
2.4484545661953346E-4
0.0023580714882378037
9.792896226894518E-5
3.00933047492515E-4
8.913045150976489E-4
4.98058751060723E-4
0.001193815290292749
0.0015195641690095196
1.383179251254387E-4
1.6551232018261446E-7
1.7140283861185923E-4
3.381946530069788E-4
0.0029710459309854435
6.334140952805884E-4
7.518128653261933E-4
0.0012462633896879658
0.0014321519807443909
0.002617876192675031
0.0024363610799874305
0.001032531631824094
5.16042235954775E-4
0.0013943270840205153
8.297773270542043E-4
1.5410087244305726E-4
0.0014669506710835536
2.138789636047127E-4
0.0021908663252642557
3.586748293168934E-6
1.1447191970333112E-5
0.0015144490956894275
0.0014615438447280846
0.0011640612826167554
6.225876421863733E-4
1.8471607781157985E-4
0.0020859026229846605
7.973569989791285E-4
0.0016382261000032167
4.2012297125647053E-4
7.127659554477809E-4
0.0011280585603935913
3.1188318593269025E-4
8.87043293430508E-4
0.0011970262130883787
2.0168076463683685E-4
4.650572580129577E-4
0.0025155709990648052
0.0013031910491414875
2.882942331729191E-5
0.0021157895347699205
6.627272985846259E-4
0.0028622156046429234
8.435764073304814E-4
1.2102934285378837E-4
6.785246298287315E-4
0.001149870155610134
4.691383980507488E-4
0.0035317760027596024
