17.965653682108456
17.820304442844122
17.595935436890557
17.84785835920538
17.92911359986247
16.56989652692811
16.65852589142694
16.432667788136495
16.244270309837063
15.709524243001065
15.628564543142845
15.17989319600331
16.04123371757565
15.65290580496087
14.465668461433776
14.329682326292465
13.902888340465317
13.654953054660776
14.22758701294642
13.722812441764782
13.866962622666918
13.63524004281313
13.796799227381142
13.666905346976819
13.42960910101438
13.557267712020975
13.50475635206105
12.717812385986276
12.569661915091563
12.637054294071365
12.38726513855842
12.303446050780575
12.575607413556119
12.182153408011565
11.804630649506082
12.777457219211136
11.742507215146109
11.491449013825532
11.523181897188678
11.42477097975128
11.393774420115804
11.062717849739368
11.083714856246585
10.485542110490652
10.509560793537643
10.118774453293968
10.69558307054737
10.193162978569191
10.313298598750226
10.17663003812322
9.856983112937025
9.878633759068926
9.968398706730849
9.895937337992283
9.450835687373683
9.248009422618756
8.876371754358756
8.685310153191082
8.649273675506421
8.67401875910598
8.704186792039241
8.92063795109991
8.545854643205297
8.951145689658986
8.395605761735935
8.32199479007441
8.532250741497398
8.466323185690714
9.120163341667732
8.083993384392292
8.442751059641465
8.427066752263976
8.047232570298911
7.748963469191637
7.445683923572504
7.396720040682206
7.3821175521215245
7.0768991694552
6.6505291220591936
6.361160186876474
5.952661882649151
6.006407712292007
5.695955265102511
5.759410285474969
5.694698599623477
5.929298707340948
5.817884445762428
6.3327684548581855
5.489994281169533
5.629950832124096
5.539933496350884
5.3979856468612235
5.730000445966988
5.448832013508468
5.398100601464262
5.450458017244373
5.5538354583335705
5.408496588099308
5.4453456294917455
5.064868046472711
5.058428488802976
4.964578947968128
4.702295471121087
4.756482207486325
4.4146599897109
4.559462656684721
4.779773486834328
4.38365117930377
4.001693294820295
3.8869195840967934
3.5287834185899882
3.5498588905921435
3.2477294663418728
3.3573339121340857
3.3371964435951016
3.2941587614110786
3.4859950785666034
3.435421126663517
3.6090556153202313
3.51404965945225
2.9944535816079734
3.225764434255013
2.9415985083348226
3.054329735227686
2.643695644151017
2.644809020882735
2.6975436520708254
2.4773025903287182
2.6083945456287694
2.2790230041776955
2.2740482339227803
2.520169438072964
2.447643195474875
2.5773744806384693
2.2305912968211152
1.9725618083873464
1.7814716926601146
1.8157381699996462
1.6139912305595432
1.7944187286459519
1.7258950079062498
1.633656291385126
1.5180817383382372
1.5905841956108895
1.4720808831059917
1.2319579694330907
1.3639755216128175
1.2063488107330498
1.2765174727566784
1.232505457684325
1.476889632207423
1.2259199254171464
1.4269063918402711
1.110476794075581
1.1941914711931998
1.0732997902837291
1.1706290038300977
0.9776328381878528
1.1209575680988013
1.076590409292789
0.8910320624541386
0.9354348117575836
0.8740442927034524
0.8252346698871428
0.8342878744142258
0.7965479617750519
0.8425655534686156
0.865841578312408
0.849173593690437
0.7274961370375794
0.6619760442335789
0.6991811483651137
0.6937147912829809
0.6235480870547719
0.7611017222447759
0.5260628938701106
0.5282089303462495
0.5566831355436007
0.5442971108814152
0.5988398011946224
0.44035006216924855
0.4398698003083421
0.4691001789134915
0.3605106808704108
0.3909408160163999
0.3902601696995243
0.43279814479072126
0.378990040424055
0.18144723275515573
0.1898664196090663
0.1636750761946792
0.14599097470832373
0.1689839907916749
0.14722473052118581
0.09396803878002805
0.08499204514057562
0.04894235871004261
0.04829245115147577
0.04952637347388629
0.04415802314023253
0.030080154541893684
0.023495760326080892
0.031071083004041447
0.01141779863336298
0.022629308037032524
0.02844377429523748
0.007600524414909278
0.022175437985971765
0.027455049313066228
0.021411726861194684
0.010099846257612604
0.019890136457088717
0.011986519074500908
0.02774642030186503
0.0010679053654345605
0.013063234433606689
0.0015274522590363116
0.002075157626498601
0.0036928639658794704
0.0054410258038117415
0.0015764887016535103
0.009934078436052018
0.007181398726722422
0.0030317250408880064
0.004570079867789742
0.008792613896595063
0.00891291564540532
0.003000599815843366
0.0019567026911901674
7.747644423062221E-4
0.01170081365134551
0.007973428025576906
0.024049373241641085
0.011456382271281632
0.011814915235078728
4.7656930244456395E-4
0.0032288990451129675
0.00462159068046233
0.004385313567132398
0.007766006665276301
0.016992442309785027
0.008535868615465542
0.0010951361187903545
0.005555597072264808
0.008097946486249234
0.002585613839499631
0.015388396627179985
0.0016133653256473742
0.0023448997882193493
0.0014531836271290237
0.0010324234155975366
0.002142676300577521
0.002530631164028672
0.006212041445570422
0.031357559085145904
0.014820973940306705
0.0011888882861106561
0.021654386965198242
0.00418778947644177
0.00623498388916373
0.00731380168673389
5.016600845844605E-4
0.0073246422927821615
0.00912899184177517
0.0059281551785519485
0.0181276337981328
0.004257344659514883
0.005028310615998116
0.004838592268350923
0.008571086757221354
0.004341916260629655
0.038194246755658176
0.007787809618370513
4.2837706292010616E-4
6.858442407313581E-4
6.770706091389447E-4
0.0014650224284543695
0.005691016662345883
4.470920242288147E-4
0.0024020646996102987
0.002452851954585728
1.2586743006124805E-4
1.2282218418860873E-4
0.004712792853084717
0.012688784878513295
0.015100492262870028
0.002254491330990477
7.769207839240385E-4
0.0010348451731218321
0.0013548925489779652
0.00864890765500693
0.0020548762757339675
0.0013431418722219704
9.291569021664168E-4
0.005667890528955787
1.7522673750471204E-4
0.007150566267730722
0.002468133397517516
0.0037577768091701085
0.006584648787085164
6.409858677374079E-4
0.0058496359214134305
2.3286427936070893E-4
0.0015170236680380209
0.0012049119844816216
0.008925499390836485
0.0028177168369729485
4.166885641852998E-4
0.008470630860244372
0.013146361699921201
0.009037620747610518
0.0027495460901302677
0.013388873692556584
0.020850117413879172
0.00805204865209454
0.004598044563432643
0.01759130725161864
0.011785182634869691
0.006425412679721003
0.007286431869171309
0.00510702803419546
6.28023619962975E-4
6.694313542285388E-5
0.0010257093411229301
2.957883394913195E-4
0.004210756198669668
0.010508507439293411
0.0028842555432700588
4.8497206696917626E-4
0.00569087742525614
5.7514850125856896E-5
4.367961889059128E-4
0.005451054876918159
7.130393184909124E-4
0.0062601205790316
0.0015711701831095217
3.498799839210848E-4
6.220055293511749E-4
0.0034451026973207808
0.0013563016924303224
0.019962728023543687
0.006065239451352083
0.0023235325573742276
0.004359623559908922
0.009197397665211337
0.007244611743459723
0.003312680658563564
0.00421977893292562
0.00529965524824658
0.0016723222088189259
0.010335416966515808
0.008483723173759524
0.0011460838983780254
0.0042667720304852864
0.003472397104404645
0.0023212032053604626
0.011577853763396886
0.005424715951916894
0.002830928363328168
0.02001330982612905
0.006608911460906834
0.004839067245413334
0.011616277865056712
5.583105073771765E-4
0.001915426216509817
0.005094186583849959
0.01869071282420785
0.0013374619032026865
4.5876655131224975E-4
1.5328974328187412E-4
0.015552337487986487
0.005489470760617333
0.022951516963235052
6.26264241782744E-4
0.007289109754486217
0.008046675254894773
0.005528582754658766
0.0013439709866909018
0.0019643306135755097
0.0010884318061098247
0.0011415127316889598
0.005071849100718384
8.941032251582379E-4
0.0031797663747210455
0.004068113411798278
0.003281958190322184
0.005291544062725324
8.063929361305889E-4
0.0070453647407649434
0.0010165168341053428
0.0014105864259594725
0.00773467392080838
4.0210507149623844E-4
0.0011646615499077344
0.002610936100864241
0.0015568130283263196
0.014407188591789976
0.0054754243797441714
0.0024539050323835114
0.010327318952960497
0.00984643885454974
0.010624657135008465
0.00903909229127425
0.0018847378464303256
0.005221156388472784
0.004160591657612881
0.0034342573529228338
0.008780156508472232
0.0034965452085947203
9.580575352912854E-4
0.027597615648832764
8.337759153967679E-4
0.0014574408257220944
5.636495009571594E-4
0.006752445328435124
0.008139437107072505
0.017954695925836435
0.004538665384232386
0.002599783404783244
0.010003382508329148
0.0028037754607257255
0.008265689148589966
1.3755452695424848E-4
0.005934374735819763
3.5799597106780674E-4
6.043179044143029E-4
9.20561499864656E-4
0.0032571305396659088
0.002724871384979763
0.007169217423677234
9.446302062646693E-5
0.002697052795363898
9.549314712423923E-4
0.002648528871480965
0.001199720485535005
0.03783583524519524
0.006048747749834192
0.0042887187606550576
0.0026179402824791313
8.265687625362226E-4
0.001826069058487356
0.001023036036396263
0.005933567892289901
2.3493081050986208E-4
0.002931054513122972
0.00734981854378522
4.082469566447453E-4
0.00392145222148329
0.00983497905388853
0.0028193556911078462
0.009770937240283543
0.00297052167096362
0.001704799806505814
0.002777117347451102
0.0051936039705549955
0.012989067227417142
0.008763975458453886
0.002738179444342367
3.617756662603302E-4
7.603589601722733E-4
0.006415239318033376
9.923754185753144E-4
9.798726825406886E-4
0.016012660417501046
0.003521035400620509
0.009325511383832495
0.007582728238642927
0.0031004418474295404
0.004662387103634613
0.00568972124888689
0.004318690887398266
0.006426842080460998
0.0015836899328112851
0.002162155880631975
0.002905679125855538
0.012203319175274473
0.001520163751638951
0.007584049034318994
0.0023335939875002883
0.008646399067950618
0.0013098540816249844
0.002042371902244257
0.003703463391260438
0.0038354894683168615
0.009426965943826646
0.0012890049689233576
0.006436746384427056
0.001607064019775636
0.002429101299443957
0.010825829232416833
0.0026428100956799347
5.74074358092767E-4
0.0038923538798606386
0.0025463782302159554
0.00435030227509859
0.005270027258508395
0.0011812906279647399
0.011856989468506928
8.622461158737047E-4
0.002592398351422052
9.343319263875915E-4
0.0019361028913975895
0.01241209946651061
0.0011924421404472154
0.005925208662082889
0.004170723740886053
0.0018907001982382647
0.0078442926469727
7.600534334271248E-4
0.0015882218544782155
0.0054911248607669135
0.010341342731243484
0.004144820353465346
0.005003080367758084
0.009206159552909349
0.007845861871312894
4.121141817022931E-4
0.007331802519438185
0.0024437134977730664
0.0010196048294020413
0.001395061391613426
0.0011550836240268598
0.004219780273207621
0.0022639467526953637
0.0038914030455639978
0.0042040054659868075
0.003495012660810161
7.597397045271367E-4
0.006674743091033571
0.0011443342652300399
0.001840874041557471
0.007077486247734709
0.0018598441739067107
0.008815200465281971
0.001427352975828826
7.356636801001046E-4
0.013296642697645484
0.005688015663927436
3.6104702772231937E-4
0.0038596942434682203
0.0012998005211653607
0.004587021215944535
0.012719901848027246
0.0012531202308016052
0.02011874813102103
9.780801179751128E-4
0.0010734858741084374
0.0012223451237074465
0.004001576874643952
0.002961739803567898
0.0014640822372771548
0.0022323144583428177
0.010153514133427704
3.734672866670094E-4
0.0022659459763238543
0.0029575961357196615
0.002901816549191771
0.0019343749752166399
8.335739336107881E-4
0.02326286188038774
0.005230959557171045
0.004796822396576807
0.003131962823852835
0.004103670066990341
0.0013554582787128654
0.004890171122137999
0.015042531768528015
0.002305586692907626
0.005629311735894766
0.0010623609904186542
0.007198845750029631
0.01054347380163608
0.017065824902819438
0.013046376287950199
0.00342413121566436
0.00228698349980384
0.01413174112367169
0.0034426729094027466
0.0013251944023760739
2.1027281919799786E-4
0.003781253284556377
0.003105424397033578
0.004793146206551415
0.0017881944805278266
0.0013865768193676463
0.004877060029929627
1.366286074712667E-4
0.0026185070806503358
0.003940711134594338
0.007307176468174904
0.015121085747224268
0.0015982461286206855
0.005477979112635539
0.005771295522479716
0.001640397101313242
0.0027906783263023033
0.008831801774097646
0.01097172132312289
0.0017984069093187408
0.0011758608935762403
0.005546819384338148
0.0029283876559401275
0.008590751694607945
1.41377095603183E-4
0.006791962291585964
4.7636332334503336E-4
0.0025376248805595984
5.069688678571634E-4
0.0029375823744307848
0.004788731399188669
0.00283671701296719
0.013277006738980177
0.0029525566316513947
0.002914014894877775
0.011483382582445622
0.002814195881185263
0.0037927402235390967
3.3437334553203935E-4
0.006592767003137627
0.0018017609715462145
7.874460900178309E-4
0.0011910146639393527
0.01094706990498916
0.004911642797610616
0.002061151989301444
0.0013565901795369252
0.0012795104184334311
7.636456195001512E-4
0.011705254891924841
0.004684509595514665
0.0069040628609884445
0.0024166076099486383
0.008526830622051453
0.00718940791141515
0.0011280893551184877
0.0031389966559760016
0.001324363675439907
0.002546265897590868
5.794919869621724E-4
3.547955004944143E-4
0.006537701655385198
0.017669765156878493
0.0011390060297483497
0.012440494522767364
0.025605843688470024
0.005659502354080982
5.27610150802536E-4
7.401277859773333E-4
0.0019139437044355678
0.011707558448244693
0.007316484720195047
9.809211895704514E-4
0.04341505137934058
0.00396301673427525
0.01254784972872341
0.012721248922513858
0.010854240084354011
0.007786693623482719
0.007964559000761573
0.005423199371465304
0.0047330420111627745
0.005069033652975817
0.006168868272241658
3.740278471428553E-4
0.005104895464620137
0.0019577706242178334
0.009518615104999776
0.004024162484015268
0.004619858585132768
0.01979423878880509
0.020601624094362378
0.012667229172683328
5.31211309756216E-4
0.0023353991769495563
0.0014246008306553445
0.008631500349939954
0.002227581148076859
0.001949523492759626
0.0030158965845227866
0.0011078177359405972
0.007968691238726122
0.0053620525809697644
0.0038461911236442672
0.0028661390353007486
8.97381839972534E-4
0.015170447843644269
0.0048582228896152735
0.0065926754203845285
4.5291862085029887E-4
0.004350046308120519
0.0031368317751968248
0.003153519294751252
0.0011663120115175908
0.006661252386610309
0.0012088024798067767
0.002642895364319899
1.870852432741625E-4
5.99729312480146E-4
0.002140022680735111
0.005277794573560849
0.0023349392345932336
5.646705360546228E-4
0.003784746228907959
0.010173726997684786
4.6877076496143174E-4
0.004031343909901425
0.005278635107629843
0.01194072135261885
0.003271615542989769
0.001167964252661855
0.014274507723765924
0.004525890514675048
0.00914891754749465
0.004544200758460175
0.004192327074980494
0.002083849808148104
0.0035365600674896725
0.0017670670891661048
0.0033179108113711624
6.784026746018623E-4
3.940039247620054E-4
0.010911865789574118
0.0033002590861294936
0.0025755700473213622
0.005074692381344326
0.006034865986432179
8.949439885997741E-4
0.006872470443052893
0.0047579913858254
0.001445619837744386
0.007379557087403804
0.005086017699471817
8.692857676096863E-4
0.001446446434915365
2.0796271502474613E-4
1.7832701457295383E-4
5.226279526157295E-4
4.508645519094292E-4
0.0029499358078242987
0.0010333734678325858
0.00692725404151507
0.006788447560050414
1.5951681985119587E-4
0.014295469407930365
0.002296585141298134
0.0023367266854556466
0.005131356144200331
0.0010142740153880987
9.496716876964364E-4
1.3862378384446532E-4
0.0039646658836982405
4.4857507682293256E-4
0.002342604204167245
0.002899108436600651
0.0061715765673867
0.0023665858753376657
7.320341655651096E-4
4.48200700377933E-4
1.374156224170148E-5
0.0068935417600316665
2.8625027823216587E-4
0.004155064003940075
0.0014968573837533079
8.276901350957884E-4
0.00503961884295935
0.0017296660063633783
0.0014586137251355383
7.457669414456359E-5
0.002853834863271514
0.02301333347586879
0.00406991453321158
0.004141457613750503
4.4691863264451423E-4
0.021232714110142326
0.002221344709720164
0.008279670146361304
4.860338009711777E-5
0.0028986356225257433
0.0015184395672594643
0.001083275835206395
0.009509849221357876
6.527855469895859E-4
7.064543802065657E-4
0.0073239006227369995
8.552913404484938E-4
0.0015198219275629392
1.1916797180142933E-4
0.0020943530069828372
0.007240992421862247
0.0011729130361956062
0.0028687758840249674
0.001040811442475075
0.005031626981724431
0.007765777469638145
0.004192559156388116
0.007430230967060808
0.0022223234861107836
0.004289249300136358
4.95609401183813E-4
0.004437721063152363
0.005523223717472894
0.0024931497834438745
0.008278697577812986
0.0031646831781996163
0.0010144796135440773
0.012012009631894183
0.005472200335781144
0.00214055928749123
0.006735694134417148
0.005269117279746031
0.008837456779254464
0.004251334940384839
0.003724461375063078
0.002222663897747555
0.00480495464323264
0.004023388338745487
6.105367504846795E-4
0.004782397931683505
0.005698596339845759
2.570545892976677E-4
3.080650193488944E-4
0.0010550283588682853
6.761582294138245E-4
0.002844803120609274
0.01943150740446695
2.550262597260849E-4
0.0030620863002612368
0.0026027747585193623
0.0033762582223224907
0.009215223717753487
0.005143263045375493
0.0026240414474010655
0.0015956080465556082
0.0031217830303652125
8.07106137817948E-4
0.003032255694183062
0.006658443000058084
0.00634136695225695
0.0010395158495084317
0.0049671188763951305
0.022061933497367577
0.002072988042788651
7.818924716760642E-4
0.0035978289870687123
5.2616172149833463E-5
0.009288103390875851
0.005104127496020921
0.004122055227114672
0.0019396526173424769
1.7828329027415286E-4
0.001993903419358765
0.003582211188442612
0.007447281787140127
0.005588500711098772
0.004458893739367816
0.0019811874842774295
0.01050968042547376
6.737476366898879E-4
0.007007693807945749
0.0035035517498967963
0.006359015072648418
0.005325243336440805
0.010765585559296886
7.605476953045837E-4
0.00205151138207093
0.007052941132096006
7.507848674624902E-4
0.00925366982263433
0.004840262755854558
5.740181246223857E-4
0.007315180754028067
0.004522167408416033
5.628634022749486E-4
9.054074824412699E-4
0.0032878785716671925
0.0020520471228906855
0.008501735857800046
0.006599643632160446
0.0019477973533871748
0.0065991058445253456
8.196635599362775E-4
0.0075761802739761986
0.005527776575366868
0.012841991740907175
0.006182858591451757
0.004893854371620134
3.029818357267092E-4
5.950599658078212E-4
0.005369251971107873
0.001080737379371158
0.004260360907201032
0.0010785604224725625
5.480009486674721E-4
0.0011202317591746222
1.9071213242454596E-4
0.002093513373058659
0.004455706423532537
0.02050063784696101
0.001467602974185976
0.0052029019205928825
0.0015299708233131755
0.011426027691457287
0.0014904581768957195
9.078305139149732E-4
0.0014608160694906545
0.0027478861588604115
0.0033426813932796754
0.0019070415360711768
9.447711107473473E-4
9.615750132878047E-4
0.003500507367463499
0.0042720642517168955
0.00810799800741849
0.020731400946573487
0.0025496443007371633
0.0018322517197269315
2.1095428226830212E-4
0.003338424487222339
0.005353884817175155
0.014458992803822813
0.004237712291191837
0.0013517518210882122
0.012185265584460429
0.0038896457532464367
0.008462689387834526
3.35765593283091E-4
0.0036014788628125904
1.1836005680702036E-4
0.008929162964327456
0.017244466651757974
8.132592892085896E-4
0.006863158476568234
2.382118410204834E-4
0.0071001645058349164
0.0019271611367206551
0.0023503421387278435
0.0025638596489454338
4.585090018173888E-4
0.006677550526361054
0.007814681743695371
0.023778527777129892
0.0075790592259786975
8.634710234074232E-4
0.0019784443525869538
0.004130794054262767
0.0012899118953589622
0.003992763783550139
0.009935300683954162
0.002105722525165129
0.0012320479324425507
0.0033131403140973345
0.004075227270720879
0.0010043800262694142
0.004708523488255866
5.952015781459789E-4
0.00781240307271223
0.002607732857864792
0.0022747926398680204
0.01051732050182342
0.006772047306368283
0.0056040046472009206
0.0013963094136037434
4.518039894978591E-4
2.1428026613300074E-4
0.005544852091533686
0.0028895153925807245
0.006247087576722203
0.0043109492826225344
0.0030126611053453837
0.009903514350551704
0.001769527909642275
4.7129518493711905E-4
0.019292080896259244
0.006475721055365017
0.012013487248318574
0.0010043715932257996
0.014925764982546424
7.506704716794305E-4
9.797748194009716E-4
0.01193295320148537
0.0021349113063500774
4.937920977238506E-4
0.004381215030142809
0.0013218698662418099
0.0023053185752768828
6.792852198654794E-4
0.012941789818716506
0.0018877141289043804
0.003647991513277814
0.006235025821884333
0.006869854324616316
4.1741191208781475E-4
0.006549854408312218
0.002088352169317339
0.007109903127609483
0.012286135711978608
0.003568701022258357
0.00960501927050333
0.006902183355882428
0.00803480315738297
0.0013538324313487602
