20.82082760124778
20.883301771038777
20.95013170754597
20.710926197198646
20.713905594206096
20.74515386587229
20.81521392957554
20.690001568416164
20.82141834870914
20.720592820906457
20.6858295585195
20.56342761406413
20.59640203895302
20.596564630338555
20.436351988504654
20.387600781024283
20.38428716599033
20.432643424297652
20.40155356474123
20.557634312069407
20.259768143989504
20.238929190647518
20.282765031966274
20.204438933235355
20.348052465227294
20.347655618415352
20.156372097776565
20.126198376372507
20.087930641269452
20.096163132007725
20.109915254747
20.1243611533088
20.143232698769392
20.092834000626215
20.035286385612235
20.130831005819903
19.875352586542274
19.82687648613742
19.94547440666556
19.791194334064983
19.925771007600545
19.760398840906433
19.7564349276847
19.8354523419828
19.719908357154196
19.6131337745171
19.767184951521592
19.759226899928564
19.636261678672533
19.58194636774977
19.627331519302757
19.433025028075797
19.40171167568675
19.34493647805993
19.23510782763475
19.341909040607476
19.328287332738988
19.214534387303672
19.283567912988136
19.279233566476094
19.127759668918777
19.061934940474313
19.097255647354494
19.06092436759027
19.057747736597136
19.040747968475277
19.017223302233806
19.056504522355667
19.007448680909402
18.835468599735226
18.871114287400406
19.03002460704012
18.75173689121582
18.86482500808996
18.843103714120517
18.746180514399033
18.80325950112415
18.632920252281764
18.58966684957673
18.643538388982535
18.665367962273955
18.394254731644143
18.416959842982
18.41545152349237
18.379387847144056
18.433729092893955
18.521619966469405
18.254522752341824
18.289228291338475
18.31472318581663
18.268224265049813
18.326295910203186
18.276939039859712
18.34770554832134
18.24338206679142
18.209004360341346
18.124873986653824
18.205109304540684
18.20097942006523
18.059062419714667
18.058129211072657
18.10424688528595
18.07786044533115
17.91597999802397
17.922366255925656
17.852997505925437
17.809379866851202
17.86834294481924
17.761360597058086
17.771644328620006
17.710980800367462
17.6940467429648
17.78797310853768
17.727133648927456
17.70429716500243
17.72060516686602
17.681405726512477
17.701553697048823
17.795494146265376
17.79030926848611
17.769158991428345
17.48968222655862
17.465634989144917
17.490676920784484
17.50420732469354
17.68304143300249
17.555929042166156
17.455034206061853
17.386198454979358
17.338573826159866
17.32184379965531
17.344530437437136
17.470231002187635
17.44737545482129
17.27652507517489
17.360123013165893
17.274762021627392
17.34278584268707
17.144248170045095
17.189540842626094
17.077102870633972
17.052733465640806
17.07209846952845
16.86573630552372
16.93657905109183
16.775592578885586
16.87613249393377
16.70887757490632
16.786208971946188
16.706196874241886
16.562684336979338
16.524319449757826
16.66883328927323
16.5829262933229
16.487470745052967
16.47312110482407
16.497909086984865
16.512121638031548
16.507573367571037
16.495065512260922
16.38433582155069
16.380217716249817
16.34035419087673
16.458893841695964
16.337111433030568
16.278677863720745
16.273259616786607
16.303403966984657
16.315215765813313
16.293591735724952
16.362122277177075
16.159640492657367
16.258060392672792
16.077112412741364
16.030125428905826
16.012945265587835
15.9230122691792
15.975288714895004
15.940330654519649
15.922106636639343
15.89729872328314
15.797788698790946
15.722916618101841
15.61309546544366
15.60233662307517
15.655490982699336
15.520819907910615
15.544827471906725
15.52412022682291
15.611347755458524
15.515287780003955
15.559513550423233
15.612287472479947
15.565003460479002
15.505407565658434
15.654682352761931
15.5734019654112
15.461108058355558
15.499797075508468
15.535188379651572
15.57471573454807
15.541963412681875
15.417753020603788
15.368490751381154
15.276212681523791
15.281060897136106
15.218007937288446
15.307347780692295
15.044008126980925
15.003919460157396
15.033211517356259
15.042063687774721
14.943166992163592
14.848849084319138
14.767104137486502
14.772564003713805
14.838806745031663
14.645324739125837
14.803940641628948
14.740533313093595
14.73768814570905
14.588284449397092
14.682597475464142
14.658030612184895
14.563434528209743
14.52803685597317
14.578165428170346
14.51308635855019
14.517003880818038
14.596396634342417
14.4973964649855
14.56367175739398
14.573893460772634
14.472130851558031
14.457458237620308
14.476651577890966
14.526175479586149
14.484568899726051
14.319839276265393
14.27420338337326
14.18508208743835
14.199000488178136
14.154319879458921
14.128002510383425
14.116169015204454
14.095548561621989
14.072982265086326
14.161891932185604
14.092629240457734
14.089949055291342
14.041559875723541
14.074180926772023
13.943332726637166
13.880812131372563
13.858171642898736
13.769184518743774
13.845862142299257
13.768489343864701
13.831437090724679
13.926416087739385
13.689897532251608
13.630441702665562
13.638410617617666
13.642875877821766
13.61528700524105
13.487071691615427
13.418883193180477
13.329431620676646
13.290778003092138
13.257159299735207
13.233429593506097
13.215536682539877
13.155051004984323
13.169396756045312
13.08560773807041
13.13894501218081
12.951994878013497
12.97505824290076
13.039676938431757
13.041362173534518
12.927532880613517
12.896419857319803
12.967038545516163
12.953002592150156
12.923929134818724
12.772359064076596
12.818165068342186
12.835106938716166
12.676200242803246
12.691920365788915
12.564687090744783
12.53624408124058
12.442444039605423
12.517046194894784
12.312254575489144
12.243446673786876
12.183530075896764
12.172416699847815
12.097479638625188
12.132079964536496
12.07887331721861
12.179283260070772
11.976703554175298
12.039998798194452
11.906001989290644
11.858329461699126
11.871386227279087
11.839900088668195
11.84367224978171
11.801040798126955
11.815563729182525
11.844497366956695
11.823678875406731
11.797808881395593
11.73573280185278
11.878744938912943
11.601678814923066
11.53280748508783
11.525221969501656
11.59612323239926
11.64637173619933
11.4703970985158
11.504458489487504
11.4172499489069
11.430021804530858
11.229159917655203
11.23329411297077
11.228968395927481
11.159286066679737
11.204677025659313
11.136650721632314
11.093518891521281
11.051600997787604
11.125405843455447
11.002710020966724
11.032709777535974
10.868219519691706
10.867831696847555
10.82188747125565
10.77161396955322
10.672275125619493
10.692950505634546
10.673549756877883
10.768471698333215
10.62227113929413
10.533236324196947
10.614378233455149
10.340273275851423
10.305838658725376
10.343501146767258
10.310330751505843
10.434798376974811
10.263050598038923
10.244053751113816
10.232298197085363
10.183850001660957
10.21283968632411
10.2696057151588
10.272579649800862
10.06089591665406
10.116387086754669
10.014890126725136
9.982865811598183
9.970151617661084
9.950606516897237
9.913398549399847
9.876395983748054
9.978286545182414
9.932733847200414
9.81357822283849
9.829696651703921
9.747306367009417
9.736006279905764
9.731341277695673
9.772558786033686
9.78399937055904
9.676090550292377
9.628761348392546
9.662221568496534
9.670452458424672
9.517951324309445
9.418662622359527
9.464829378424813
9.443300927216852
9.534296495072363
9.302196906153515
9.360649560394343
9.251330947203877
9.128595070469885
9.020879541954102
8.97484743380546
8.912066061027486
8.908082269872638
8.853183271318965
8.872307117374493
8.759710438982937
8.791095560053954
8.685935929744064
8.666937199726311
8.6574414573427
8.560962561068582
8.598483779237071
8.611486999874678
8.55962041927273
8.43877534716802
8.434777161529068
8.406533031546905
8.3758092219076
8.320204644892653
8.30524870634673
8.38814587196285
8.148028685001165
8.307000123481961
8.138441603434305
8.150578877408995
8.108822535432063
8.040458527253733
8.049760367148732
7.96234390193379
7.986939707382892
7.9308495940005015
7.876960968031815
7.779406766873218
7.776609680818891
7.872394441414627
7.80728361425071
7.654343188494732
7.602385951488051
7.657362702729769
7.619586816696108
7.654495878108071
7.5671461506895605
7.6697551973815985
7.609871864030861
7.560617036374272
7.525413431610563
7.479372462458464
7.4752596989282685
7.501631364966482
7.484258001135591
7.473097774353994
7.493877871629662
7.538457046515681
7.391278897079227
7.428423886524014
7.3293753113070945
7.237126061581179
7.266152812099103
7.151400661601811
7.098186787660116
7.187576531575107
7.151131948479893
7.032486328093231
7.029069771929819
7.091632999889576
7.027685296555067
7.15195105150535
7.030182368893408
7.028000415803738
6.9451556656714395
6.9494521929582955
6.8996679752580174
6.890968664785829
6.931376365935142
6.941937049957042
6.879021275570837
6.760445854498967
6.786590513705853
6.710277744047835
6.7201371506156375
6.822473468782441
6.7944243266069355
6.742083085166435
6.676842119968389
6.698785553984272
6.730310528310129
6.7023218575301895
6.75364104995464
6.685526755252256
6.669849876535856
6.606967185042489
6.657874982273012
6.529186062574647
6.557592076496622
6.614844130845437
6.55424128481772
6.461383653245969
6.44095434342718
6.550634912438391
6.47711349258416
6.493637899344383
6.454815041752883
6.470816763768763
6.437616478708656
6.417864343605682
6.361512235529862
6.3610917704131875
6.419795350794828
6.365003136265289
6.419429728789386
6.340603910336836
6.342864749137905
6.254833454933334
6.234059696542509
6.160625213728267
6.069304002503058
6.1032920988326405
6.107110746747983
6.126259582434316
6.1181508868310015
6.046483506627025
6.0335697826318935
5.971493638773425
5.9738261293848245
5.955869491196548
5.919756139509925
5.970090754327211
5.952161081015993
5.875297341308236
5.906347184042266
5.823566138566762
5.756785023051783
5.815667434648703
5.79054386185866
5.756505648766269
5.81612252538215
5.738192689035825
5.718897574860798
5.723651711118559
5.747446470695992
5.676294220144458
5.7636044948101794
5.673822008594847
5.69990795675151
5.748503010543027
5.6835288076995925
5.661727484957389
5.68619909379309
5.672710353310714
5.631618011220025
5.662446145448873
5.606886474536903
5.5178552497014195
5.49496570611278
5.479813166441057
5.42744572925023
5.375656684976105
5.450246578739531
5.451598123346564
5.49681044859262
5.47403851911084
5.363469150639636
5.401378498731365
5.274102937892302
5.275211158597536
5.286497602313724
5.274754954676929
5.276852637578583
5.3109240158222
5.338397209125189
5.312795343910587
5.262961360381014
5.23506070526439
5.26472352729435
5.237882335798615
5.283000387193525
5.177619432442986
5.136303094163639
5.141609490624118
5.068842282132041
5.054324673486055
5.135012526581567
5.073456726605942
4.999929384669882
4.9697533747891525
5.025149983450653
4.97313054401351
5.036356627619321
4.954416272459599
4.934590428775508
4.934424433852967
4.8727484912239944
4.932594451355637
4.899721451189983
4.827413454815642
4.8660249986858295
4.784279784268726
4.693426215213505
4.7231316370333305
4.692276586633424
4.666331366027008
4.641943194282318
4.711167460021684
4.646625647686383
4.580406480267788
4.655165487132719
4.6286944421759655
4.624561509093078
4.715935116401126
4.593304618416304
4.589266113754108
4.545759828852101
4.5620500043284915
4.60034655451456
4.5102162888525354
4.474183011917493
4.421151299304563
4.378046109066872
4.3802482318778875
4.3862994073535475
4.301496629810925
4.263813152255514
4.331912284121803
4.193659672430149
4.19832444563519
4.192986021716985
4.197903364795122
4.265502776971919
4.232359817216669
4.2033207749441175
4.211889944819521
4.141668746558872
4.132872062138016
4.139409604601273
4.1760337121932105
4.035175469932362
4.036123207924056
4.082758338036185
4.04084873219293
3.998074214904089
3.9574589088559256
3.8812188784129633
3.8596625032026703
3.8555073277919054
3.874747836059204
3.9149696260584443
3.917898612200033
3.7904207441490327
3.7908793243189987
3.785333648252326
3.7935363590693005
3.7760176072603127
3.782867067813696
3.7434301236751226
3.7839186646246787
3.6215521505030184
3.5996447500282187
3.5983960378901347
3.6154371075428897
3.6189487755433065
3.6557430627629435
3.5788333127827094
3.5671963928172543
3.536944052787158
3.5471543359665736
3.554936034489821
3.498262659093443
3.451619410416111
3.4686830361309786
3.4390367764603513
3.4367272348838913
3.4686336907079633
3.3577317514849634
3.2941513805668223
3.2926109831899617
3.3243501789383196
3.275253521889269
3.2251914481577137
3.2455153558439624
3.2610731708676366
3.2330456199743334
3.166461576963791
3.2057999743970282
3.182488680571473
3.119064953286164
3.149885124877551
3.086544333320362
3.0905840479738638
3.158245486522721
3.0898608348128427
3.1048796076717577
3.0863943058999865
3.144454732594657
3.0610518553705393
3.045655897333361
3.0767406828435777
3.0625387184779997
3.0543293573248
3.0151997803663453
3.047494796352737
2.976229592914881
2.9403500438965766
2.9681043029252194
2.969214710588754
2.977346108786749
2.9080785789163284
2.8482540227737654
2.794903733320871
2.893612410077068
2.7896042940345622
2.8068028205552693
2.806589878235182
2.8245786870790033
2.7577032818026894
2.7440069961590954
2.7349237734926235
2.711015297907971
2.7502902990035007
2.7069137728517867
2.695465200709075
2.677281256763655
2.697211482435834
2.7020440918928665
2.6922182004802417
2.699771276385872
2.6629402150227164
2.6690991627067073
2.664842523676253
2.6202086748183673
2.682179015628364
2.6502630698510226
2.5726499417492277
2.5906136409131997
2.5576708413742826
2.593039107068462
2.5858316470238574
2.5899912240534784
2.536094067362581
2.4948622531384848
2.464701658778573
2.419514416457595
2.4248322949584993
2.354627588537875
2.353103968974776
2.3661730010085953
2.3494313259564326
2.3591287438109387
2.3371513972037947
2.335360696490392
2.242126483268287
2.2492971548486373
2.2594393564306974
2.301168809059525
2.2294270296337015
2.164572812995347
2.1607935557614453
2.19155546100665
2.161832974023821
2.17036642561973
2.183663640915686
2.175406300406253
2.1926315946669597
2.171629052599924
2.1771206874248445
2.1502780185825703
2.1394431833147842
2.177714697419496
2.1058630762710675
2.0824752749141204
2.090878460063743
2.069431919081024
2.0806489752724335
2.092272105120716
2.083882632382445
2.0744550283241607
2.0868460185230924
2.089531692531924
2.0871944097543733
2.053717216419232
2.0793562222738613
2.077776939324999
2.0100747941908277
1.9956644475920287
1.9713671191955557
1.98704010058009
1.9897102032163634
1.9873711721720477
1.9291250365004526
1.9537851944972229
1.9362930898264652
1.9383202285196397
1.9087513919460657
1.8922422549633193
1.8533362654006358
1.8470822457869709
1.838133219090001
1.855705386543978
1.8757597033101343
1.8810632761491666
1.8697452299125465
1.835941583365422
1.875077082055328
1.804632822046856
1.8275187385779124
1.8207252349626117
1.819590556681988
1.7599657521817031
1.761408220192051
1.7347186304531832
1.7144944674339968
1.6840638520902518
1.715453175383767
1.6926206705962388
1.6645235782653363
1.6879354962180737
1.6155928692783925
1.5845714662466264
1.5574959127568675
1.5927428526087704
1.5571050380377622
1.5498308175231057
1.5290417681452169
1.5359214967330033
1.5340279952913451
1.5451025698544856
1.5194127125719625
1.5345523153602316
1.54804810665351
1.4921688989781783
1.5027424791704342
1.5316084103242493
1.4965070927858617
1.4892527050598015
1.510127348279169
1.5139856779515328
1.4782273609877483
1.467888691334366
1.4614954065204013
1.464508907247756
1.46853800705885
1.4296331291992819
1.4567549888449707
1.3924315835662882
1.388187798826831
1.3978581311662706
1.4014241589830003
1.405819474362774
1.3648020880098195
1.409514366228531
1.3517086741726725
1.3633765744531468
1.3225117401204696
1.3452175394974284
1.332217991787136
1.2833356468534658
1.251524230498424
1.2572668623157701
1.2595482999763665
1.2189887600173992
1.224784024728897
1.213465545418697
1.1990550589024116
1.2117095326761405
1.205159904059199
1.1864148505145278
1.157311832075647
1.1840142511294736
1.2016742697777423
1.1522972236247462
1.158207604196095
1.1290354307003239
1.1016846334240515
1.110961375130121
1.07027999037372
1.072583544275311
1.0925158880158068
1.081847861154994
1.0494765300255522
1.0478113910040134
1.0269089797786628
1.0506259720907603
1.028229318345533
0.9837111676169795
0.9670634700862455
1.0036846784105427
0.972680378952869
0.990573268961865
0.9597683307624328
0.9695149579598646
0.969529281109463
0.9736751210869492
0.9661985566253809
0.9605819249287985
0.9685336005959141
0.9587869781426337
0.94330518874622
0.9544774631375589
0.9331249788882879
0.8904753040885929
0.8684218843765639
0.8754922294400226
0.8536703526459628
0.8661279716167434
0.8776623139591625
0.8708159664375699
0.8432678811925122
0.8277459490647919
0.8573963248574236
0.8630045149967526
0.7846348311234764
0.7956122312413221
0.7850996644168916
0.7892587336581044
0.7978747938407768
0.7773674956546924
0.7553019982977379
0.7856193376651939
0.757876976513485
0.7462526350314044
0.7631047667943793
0.7539287590514
0.767509213914705
0.747180516367546
0.7468819106411977
0.7300127351463763
0.7344289036179357
0.7260781710459195
0.7406697064708505
0.7392259612302323
0.7299398376171448
0.715221237881317
0.7198261767755084
0.706305476830246
0.7192558961120366
0.6817958759551837
0.6875074850454395
0.6710427229844105
0.665298378370542
0.6734139288693418
0.6522593026882101
0.6797709236681225
0.6387242718842272
0.6342883068405257
0.6059149648194062
0.6343734295292428
0.631455473470936
0.6001614421562479
0.6101103781855217
0.5995100353441636
0.6142945054118564
0.6069812684738591
0.5904564083460287
0.5730877573128776
0.5787417784715089
0.6104855392889447
0.6005811873086832
0.5782669665168046
0.5822389687370345
0.5837047695984773
0.5770626536753212
0.5634483571517512
0.5798224701624668
0.5545905936964616
0.5657562336753721
0.5745138714843914
0.545992930098639
0.5600159542510884
0.532473483540851
0.5548676516954818
0.49561797593664464
0.49221929355899147
0.47489910013335984
0.4662277755674816
0.48810413937395936
0.48217108669041253
0.44618160896242526
0.4688126857622654
0.4586001951303794
0.44363046036478004
0.47274526541343226
0.4441819121175148
0.44678334502253764
0.444326293349627
0.4351977423963767
0.4452375687259777
0.4370056674870102
0.4280409384673447
0.4114896814713211
0.41524757123659556
0.41149874711031936
0.406145498793591
0.4010864515999318
0.4067158418388784
0.3869390054060909
0.3886997070651554
0.373094551776476
0.3613442236010806
0.36676613116957996
0.37260926086800683
0.3592470896282822
0.3414834259237119
0.34138317137467306
0.33596245154009935
0.316956412908247
0.30117417772988264
0.31828110380736424
0.30743694346733563
0.27505433681804503
0.2870243145788526
0.27111430407093035
0.2764436415214139
