1 100 -5 5 100
 1871 0.7264770241
 1872 0.7702407002
 1873 0.5547045952
 1874 0.8249452954
 1875 0.7702407002
 1876 0.7702407002
 1877 0.3905908096
 1878 0.8468271335
 1879 1
 1880 0.7483588621
 1881 0.5897155361
 1882 0.5240700219
 1883 0.715536105
 1884 0.5886214442
 1885 0.6170678337
 1886 0.5514223195
 1887 0.7921225383
 1888 0.375273523
 1889 0.5492341357
 1890 0.7483588621
 1891 0.704595186
 1892 0.8249452954
 1893 0.7592997812
 1894 0.8687089716
 1895 0.8796498906
 1896 0.8358862144
 1897 0.6280087527
 1898 0.704595186
 1899 0.3479212254
 1900 0.420131291
 1901 0.4573304158
 1902 0.2603938731
 1903 0.5295404814
 1904 0.4124726477
 1905 0.2680525164
 1906 0.5032822757
 1907 0.2582056893
 1908 0.6170678337
 1909 0.6498905908
 1910 0.5612691466
 1911 0.4102844639
 1912 0.295404814
 1913 0
 1914 0.4026258206
 1915 0.2691466083
 1916 0.7264770241
 1917 0.704595186
 1918 0.4113785558
 1919 0.3369803063
 1920 0.3993435449
 1921 0.341356674
 1922 0.4256017505
 1923 0.4463894967
 1924 0.4442013129
 1925 0.2647702407
 1926 0.4256017505
 1927 0.3150984683
 1928 0.3719912473
 1929 0.6389496718
 1930 0.3315098468
 1931 0.3555798687
 1932 0.4474835886
 1933 0.4256017505
 1934 0.533916849
 1935 0.5776805252
 1936 0.4824945295
 1937 0.4004376368
 1938 0.6061269147
 1939 0.3446389497
 1940 0.2407002188
 1941 0.2111597374
 1942 0.4266958425
 1943 0.3894967177
 1944 0.3129102845
 1945 0.3774617068
 1946 0.6389496718
 1947 0.4420131291
 1948 0.4573304158
 1949 0.4288840263
 1950 0.4748358862
 1951 0.3150984683
 1952 0.3205689278
 1953 0.4179431072
 1954 0.6498905908
 1955 0.5054704595
 1956 0.579868709
 1957 0.3730853392
 1958 0.510940919
 1959 0.567833698
 1960 0.3927789934
 1961 0.6170678337
 1962 0.4923413567
 1963 0.4868708972
 1964 0.7811816193
 1965 0.4989059081
 1966 0.3172866521
 1967 0.5065645514
 1968 0.2866520788
 1969 0.2822757112
 1970 0.3107221007